3600 7080
1 2
1 61
2 3
2 62
3 4
3 63
4 5
4 64
5 6
5 65
6 7
6 66
7 8
7 67
8 9
8 68
9 10
9 69
10 11
10 70
11 12
11 71
12 13
12 72
13 14
13 73
14 15
14 74
15 16
15 75
16 17
16 76
17 18
17 77
18 19
18 78
19 20
19 79
20 21
20 80
21 22
21 81
22 23
22 82
23 24
23 83
24 25
24 84
25 26
25 85
26 27
26 86
27 28
27 87
28 29
28 88
29 30
29 89
30 31
30 90
31 32
31 91
32 33
32 92
33 34
33 93
34 35
34 94
35 36
35 95
36 37
36 96
37 38
37 97
38 39
38 98
39 40
39 99
40 41
40 100
41 42
41 101
42 43
42 102
43 44
43 103
44 45
44 104
45 46
45 105
46 47
46 106
47 48
47 107
48 49
48 108
49 50
49 109
50 51
50 110
51 52
51 111
52 53
52 112
53 54
53 113
54 55
54 114
55 56
55 115
56 57
56 116
57 58
57 117
58 59
58 118
59 60
59 119
60 120
61 62
61 121
62 63
62 122
63 64
63 123
64 65
64 124
65 66
65 125
66 67
66 126
67 68
67 127
68 69
68 128
69 70
69 129
70 71
70 130
71 72
71 131
72 73
72 132
73 74
73 133
74 75
74 134
75 76
75 135
76 77
76 136
77 78
77 137
78 79
78 138
79 80
79 139
80 81
80 140
81 82
81 141
82 83
82 142
83 84
83 143
84 85
84 144
85 86
85 145
86 87
86 146
87 88
87 147
88 89
88 148
89 90
89 149
90 91
90 150
91 92
91 151
92 93
92 152
93 94
93 153
94 95
94 154
95 96
95 155
96 97
96 156
97 98
97 157
98 99
98 158
99 100
99 159
100 101
100 160
101 102
101 161
102 103
102 162
103 104
103 163
104 105
104 164
105 106
105 165
106 107
106 166
107 108
107 167
108 109
108 168
109 110
109 169
110 111
110 170
111 112
111 171
112 113
112 172
113 114
113 173
114 115
114 174
115 116
115 175
116 117
116 176
117 118
117 177
118 119
118 178
119 120
119 179
120 180
121 122
121 181
122 123
122 182
123 124
123 183
124 125
124 184
125 126
125 185
126 127
126 186
127 128
127 187
128 129
128 188
129 130
129 189
130 131
130 190
131 132
131 191
132 133
132 192
133 134
133 193
134 135
134 194
135 136
135 195
136 137
136 196
137 138
137 197
138 139
138 198
139 140
139 199
140 141
140 200
141 142
141 201
142 143
142 202
143 144
143 203
144 145
144 204
145 146
145 205
146 147
146 206
147 148
147 207
148 149
148 208
149 150
149 209
150 151
150 210
151 152
151 211
152 153
152 212
153 154
153 213
154 155
154 214
155 156
155 215
156 157
156 216
157 158
157 217
158 159
158 218
159 160
159 219
160 161
160 220
161 162
161 221
162 163
162 222
163 164
163 223
164 165
164 224
165 166
165 225
166 167
166 226
167 168
167 227
168 169
168 228
169 170
169 229
170 171
170 230
171 172
171 231
172 173
172 232
173 174
173 233
174 175
174 234
175 176
175 235
176 177
176 236
177 178
177 237
178 179
178 238
179 180
179 239
180 240
181 182
181 241
182 183
182 242
183 184
183 243
184 185
184 244
185 186
185 245
186 187
186 246
187 188
187 247
188 189
188 248
189 190
189 249
190 191
190 250
191 192
191 251
192 193
192 252
193 194
193 253
194 195
194 254
195 196
195 255
196 197
196 256
197 198
197 257
198 199
198 258
199 200
199 259
200 201
200 260
201 202
201 261
202 203
202 262
203 204
203 263
204 205
204 264
205 206
205 265
206 207
206 266
207 208
207 267
208 209
208 268
209 210
209 269
210 211
210 270
211 212
211 271
212 213
212 272
213 214
213 273
214 215
214 274
215 216
215 275
216 217
216 276
217 218
217 277
218 219
218 278
219 220
219 279
220 221
220 280
221 222
221 281
222 223
222 282
223 224
223 283
224 225
224 284
225 226
225 285
226 227
226 286
227 228
227 287
228 229
228 288
229 230
229 289
230 231
230 290
231 232
231 291
232 233
232 292
233 234
233 293
234 235
234 294
235 236
235 295
236 237
236 296
237 238
237 297
238 239
238 298
239 240
239 299
240 300
241 242
241 301
242 243
242 302
243 244
243 303
244 245
244 304
245 246
245 305
246 247
246 306
247 248
247 307
248 249
248 308
249 250
249 309
250 251
250 310
251 252
251 311
252 253
252 312
253 254
253 313
254 255
254 314
255 256
255 315
256 257
256 316
257 258
257 317
258 259
258 318
259 260
259 319
260 261
260 320
261 262
261 321
262 263
262 322
263 264
263 323
264 265
264 324
265 266
265 325
266 267
266 326
267 268
267 327
268 269
268 328
269 270
269 329
270 271
270 330
271 272
271 331
272 273
272 332
273 274
273 333
274 275
274 334
275 276
275 335
276 277
276 336
277 278
277 337
278 279
278 338
279 280
279 339
280 281
280 340
281 282
281 341
282 283
282 342
283 284
283 343
284 285
284 344
285 286
285 345
286 287
286 346
287 288
287 347
288 289
288 348
289 290
289 349
290 291
290 350
291 292
291 351
292 293
292 352
293 294
293 353
294 295
294 354
295 296
295 355
296 297
296 356
297 298
297 357
298 299
298 358
299 300
299 359
300 360
301 302
301 361
302 303
302 362
303 304
303 363
304 305
304 364
305 306
305 365
306 307
306 366
307 308
307 367
308 309
308 368
309 310
309 369
310 311
310 370
311 312
311 371
312 313
312 372
313 314
313 373
314 315
314 374
315 316
315 375
316 317
316 376
317 318
317 377
318 319
318 378
319 320
319 379
320 321
320 380
321 322
321 381
322 323
322 382
323 324
323 383
324 325
324 384
325 326
325 385
326 327
326 386
327 328
327 387
328 329
328 388
329 330
329 389
330 331
330 390
331 332
331 391
332 333
332 392
333 334
333 393
334 335
334 394
335 336
335 395
336 337
336 396
337 338
337 397
338 339
338 398
339 340
339 399
340 341
340 400
341 342
341 401
342 343
342 402
343 344
343 403
344 345
344 404
345 346
345 405
346 347
346 406
347 348
347 407
348 349
348 408
349 350
349 409
350 351
350 410
351 352
351 411
352 353
352 412
353 354
353 413
354 355
354 414
355 356
355 415
356 357
356 416
357 358
357 417
358 359
358 418
359 360
359 419
360 420
361 362
361 421
362 363
362 422
363 364
363 423
364 365
364 424
365 366
365 425
366 367
366 426
367 368
367 427
368 369
368 428
369 370
369 429
370 371
370 430
371 372
371 431
372 373
372 432
373 374
373 433
374 375
374 434
375 376
375 435
376 377
376 436
377 378
377 437
378 379
378 438
379 380
379 439
380 381
380 440
381 382
381 441
382 383
382 442
383 384
383 443
384 385
384 444
385 386
385 445
386 387
386 446
387 388
387 447
388 389
388 448
389 390
389 449
390 391
390 450
391 392
391 451
392 393
392 452
393 394
393 453
394 395
394 454
395 396
395 455
396 397
396 456
397 398
397 457
398 399
398 458
399 400
399 459
400 401
400 460
401 402
401 461
402 403
402 462
403 404
403 463
404 405
404 464
405 406
405 465
406 407
406 466
407 408
407 467
408 409
408 468
409 410
409 469
410 411
410 470
411 412
411 471
412 413
412 472
413 414
413 473
414 415
414 474
415 416
415 475
416 417
416 476
417 418
417 477
418 419
418 478
419 420
419 479
420 480
421 422
421 481
422 423
422 482
423 424
423 483
424 425
424 484
425 426
425 485
426 427
426 486
427 428
427 487
428 429
428 488
429 430
429 489
430 431
430 490
431 432
431 491
432 433
432 492
433 434
433 493
434 435
434 494
435 436
435 495
436 437
436 496
437 438
437 497
438 439
438 498
439 440
439 499
440 441
440 500
441 442
441 501
442 443
442 502
443 444
443 503
444 445
444 504
445 446
445 505
446 447
446 506
447 448
447 507
448 449
448 508
449 450
449 509
450 451
450 510
451 452
451 511
452 453
452 512
453 454
453 513
454 455
454 514
455 456
455 515
456 457
456 516
457 458
457 517
458 459
458 518
459 460
459 519
460 461
460 520
461 462
461 521
462 463
462 522
463 464
463 523
464 465
464 524
465 466
465 525
466 467
466 526
467 468
467 527
468 469
468 528
469 470
469 529
470 471
470 530
471 472
471 531
472 473
472 532
473 474
473 533
474 475
474 534
475 476
475 535
476 477
476 536
477 478
477 537
478 479
478 538
479 480
479 539
480 540
481 482
481 541
482 483
482 542
483 484
483 543
484 485
484 544
485 486
485 545
486 487
486 546
487 488
487 547
488 489
488 548
489 490
489 549
490 491
490 550
491 492
491 551
492 493
492 552
493 494
493 553
494 495
494 554
495 496
495 555
496 497
496 556
497 498
497 557
498 499
498 558
499 500
499 559
500 501
500 560
501 502
501 561
502 503
502 562
503 504
503 563
504 505
504 564
505 506
505 565
506 507
506 566
507 508
507 567
508 509
508 568
509 510
509 569
510 511
510 570
511 512
511 571
512 513
512 572
513 514
513 573
514 515
514 574
515 516
515 575
516 517
516 576
517 518
517 577
518 519
518 578
519 520
519 579
520 521
520 580
521 522
521 581
522 523
522 582
523 524
523 583
524 525
524 584
525 526
525 585
526 527
526 586
527 528
527 587
528 529
528 588
529 530
529 589
530 531
530 590
531 532
531 591
532 533
532 592
533 534
533 593
534 535
534 594
535 536
535 595
536 537
536 596
537 538
537 597
538 539
538 598
539 540
539 599
540 600
541 542
541 601
542 543
542 602
543 544
543 603
544 545
544 604
545 546
545 605
546 547
546 606
547 548
547 607
548 549
548 608
549 550
549 609
550 551
550 610
551 552
551 611
552 553
552 612
553 554
553 613
554 555
554 614
555 556
555 615
556 557
556 616
557 558
557 617
558 559
558 618
559 560
559 619
560 561
560 620
561 562
561 621
562 563
562 622
563 564
563 623
564 565
564 624
565 566
565 625
566 567
566 626
567 568
567 627
568 569
568 628
569 570
569 629
570 571
570 630
571 572
571 631
572 573
572 632
573 574
573 633
574 575
574 634
575 576
575 635
576 577
576 636
577 578
577 637
578 579
578 638
579 580
579 639
580 581
580 640
581 582
581 641
582 583
582 642
583 584
583 643
584 585
584 644
585 586
585 645
586 587
586 646
587 588
587 647
588 589
588 648
589 590
589 649
590 591
590 650
591 592
591 651
592 593
592 652
593 594
593 653
594 595
594 654
595 596
595 655
596 597
596 656
597 598
597 657
598 599
598 658
599 600
599 659
600 660
601 602
601 661
602 603
602 662
603 604
603 663
604 605
604 664
605 606
605 665
606 607
606 666
607 608
607 667
608 609
608 668
609 610
609 669
610 611
610 670
611 612
611 671
612 613
612 672
613 614
613 673
614 615
614 674
615 616
615 675
616 617
616 676
617 618
617 677
618 619
618 678
619 620
619 679
620 621
620 680
621 622
621 681
622 623
622 682
623 624
623 683
624 625
624 684
625 626
625 685
626 627
626 686
627 628
627 687
628 629
628 688
629 630
629 689
630 631
630 690
631 632
631 691
632 633
632 692
633 634
633 693
634 635
634 694
635 636
635 695
636 637
636 696
637 638
637 697
638 639
638 698
639 640
639 699
640 641
640 700
641 642
641 701
642 643
642 702
643 644
643 703
644 645
644 704
645 646
645 705
646 647
646 706
647 648
647 707
648 649
648 708
649 650
649 709
650 651
650 710
651 652
651 711
652 653
652 712
653 654
653 713
654 655
654 714
655 656
655 715
656 657
656 716
657 658
657 717
658 659
658 718
659 660
659 719
660 720
661 662
661 721
662 663
662 722
663 664
663 723
664 665
664 724
665 666
665 725
666 667
666 726
667 668
667 727
668 669
668 728
669 670
669 729
670 671
670 730
671 672
671 731
672 673
672 732
673 674
673 733
674 675
674 734
675 676
675 735
676 677
676 736
677 678
677 737
678 679
678 738
679 680
679 739
680 681
680 740
681 682
681 741
682 683
682 742
683 684
683 743
684 685
684 744
685 686
685 745
686 687
686 746
687 688
687 747
688 689
688 748
689 690
689 749
690 691
690 750
691 692
691 751
692 693
692 752
693 694
693 753
694 695
694 754
695 696
695 755
696 697
696 756
697 698
697 757
698 699
698 758
699 700
699 759
700 701
700 760
701 702
701 761
702 703
702 762
703 704
703 763
704 705
704 764
705 706
705 765
706 707
706 766
707 708
707 767
708 709
708 768
709 710
709 769
710 711
710 770
711 712
711 771
712 713
712 772
713 714
713 773
714 715
714 774
715 716
715 775
716 717
716 776
717 718
717 777
718 719
718 778
719 720
719 779
720 780
721 722
721 781
722 723
722 782
723 724
723 783
724 725
724 784
725 726
725 785
726 727
726 786
727 728
727 787
728 729
728 788
729 730
729 789
730 731
730 790
731 732
731 791
732 733
732 792
733 734
733 793
734 735
734 794
735 736
735 795
736 737
736 796
737 738
737 797
738 739
738 798
739 740
739 799
740 741
740 800
741 742
741 801
742 743
742 802
743 744
743 803
744 745
744 804
745 746
745 805
746 747
746 806
747 748
747 807
748 749
748 808
749 750
749 809
750 751
750 810
751 752
751 811
752 753
752 812
753 754
753 813
754 755
754 814
755 756
755 815
756 757
756 816
757 758
757 817
758 759
758 818
759 760
759 819
760 761
760 820
761 762
761 821
762 763
762 822
763 764
763 823
764 765
764 824
765 766
765 825
766 767
766 826
767 768
767 827
768 769
768 828
769 770
769 829
770 771
770 830
771 772
771 831
772 773
772 832
773 774
773 833
774 775
774 834
775 776
775 835
776 777
776 836
777 778
777 837
778 779
778 838
779 780
779 839
780 840
781 782
781 841
782 783
782 842
783 784
783 843
784 785
784 844
785 786
785 845
786 787
786 846
787 788
787 847
788 789
788 848
789 790
789 849
790 791
790 850
791 792
791 851
792 793
792 852
793 794
793 853
794 795
794 854
795 796
795 855
796 797
796 856
797 798
797 857
798 799
798 858
799 800
799 859
800 801
800 860
801 802
801 861
802 803
802 862
803 804
803 863
804 805
804 864
805 806
805 865
806 807
806 866
807 808
807 867
808 809
808 868
809 810
809 869
810 811
810 870
811 812
811 871
812 813
812 872
813 814
813 873
814 815
814 874
815 816
815 875
816 817
816 876
817 818
817 877
818 819
818 878
819 820
819 879
820 821
820 880
821 822
821 881
822 823
822 882
823 824
823 883
824 825
824 884
825 826
825 885
826 827
826 886
827 828
827 887
828 829
828 888
829 830
829 889
830 831
830 890
831 832
831 891
832 833
832 892
833 834
833 893
834 835
834 894
835 836
835 895
836 837
836 896
837 838
837 897
838 839
838 898
839 840
839 899
840 900
841 842
841 901
842 843
842 902
843 844
843 903
844 845
844 904
845 846
845 905
846 847
846 906
847 848
847 907
848 849
848 908
849 850
849 909
850 851
850 910
851 852
851 911
852 853
852 912
853 854
853 913
854 855
854 914
855 856
855 915
856 857
856 916
857 858
857 917
858 859
858 918
859 860
859 919
860 861
860 920
861 862
861 921
862 863
862 922
863 864
863 923
864 865
864 924
865 866
865 925
866 867
866 926
867 868
867 927
868 869
868 928
869 870
869 929
870 871
870 930
871 872
871 931
872 873
872 932
873 874
873 933
874 875
874 934
875 876
875 935
876 877
876 936
877 878
877 937
878 879
878 938
879 880
879 939
880 881
880 940
881 882
881 941
882 883
882 942
883 884
883 943
884 885
884 944
885 886
885 945
886 887
886 946
887 888
887 947
888 889
888 948
889 890
889 949
890 891
890 950
891 892
891 951
892 893
892 952
893 894
893 953
894 895
894 954
895 896
895 955
896 897
896 956
897 898
897 957
898 899
898 958
899 900
899 959
900 960
901 902
901 961
902 903
902 962
903 904
903 963
904 905
904 964
905 906
905 965
906 907
906 966
907 908
907 967
908 909
908 968
909 910
909 969
910 911
910 970
911 912
911 971
912 913
912 972
913 914
913 973
914 915
914 974
915 916
915 975
916 917
916 976
917 918
917 977
918 919
918 978
919 920
919 979
920 921
920 980
921 922
921 981
922 923
922 982
923 924
923 983
924 925
924 984
925 926
925 985
926 927
926 986
927 928
927 987
928 929
928 988
929 930
929 989
930 931
930 990
931 932
931 991
932 933
932 992
933 934
933 993
934 935
934 994
935 936
935 995
936 937
936 996
937 938
937 997
938 939
938 998
939 940
939 999
940 941
940 1000
941 942
941 1001
942 943
942 1002
943 944
943 1003
944 945
944 1004
945 946
945 1005
946 947
946 1006
947 948
947 1007
948 949
948 1008
949 950
949 1009
950 951
950 1010
951 952
951 1011
952 953
952 1012
953 954
953 1013
954 955
954 1014
955 956
955 1015
956 957
956 1016
957 958
957 1017
958 959
958 1018
959 960
959 1019
960 1020
961 962
961 1021
962 963
962 1022
963 964
963 1023
964 965
964 1024
965 966
965 1025
966 967
966 1026
967 968
967 1027
968 969
968 1028
969 970
969 1029
970 971
970 1030
971 972
971 1031
972 973
972 1032
973 974
973 1033
974 975
974 1034
975 976
975 1035
976 977
976 1036
977 978
977 1037
978 979
978 1038
979 980
979 1039
980 981
980 1040
981 982
981 1041
982 983
982 1042
983 984
983 1043
984 985
984 1044
985 986
985 1045
986 987
986 1046
987 988
987 1047
988 989
988 1048
989 990
989 1049
990 991
990 1050
991 992
991 1051
992 993
992 1052
993 994
993 1053
994 995
994 1054
995 996
995 1055
996 997
996 1056
997 998
997 1057
998 999
998 1058
999 1000
999 1059
1000 1001
1000 1060
1001 1002
1001 1061
1002 1003
1002 1062
1003 1004
1003 1063
1004 1005
1004 1064
1005 1006
1005 1065
1006 1007
1006 1066
1007 1008
1007 1067
1008 1009
1008 1068
1009 1010
1009 1069
1010 1011
1010 1070
1011 1012
1011 1071
1012 1013
1012 1072
1013 1014
1013 1073
1014 1015
1014 1074
1015 1016
1015 1075
1016 1017
1016 1076
1017 1018
1017 1077
1018 1019
1018 1078
1019 1020
1019 1079
1020 1080
1021 1022
1021 1081
1022 1023
1022 1082
1023 1024
1023 1083
1024 1025
1024 1084
1025 1026
1025 1085
1026 1027
1026 1086
1027 1028
1027 1087
1028 1029
1028 1088
1029 1030
1029 1089
1030 1031
1030 1090
1031 1032
1031 1091
1032 1033
1032 1092
1033 1034
1033 1093
1034 1035
1034 1094
1035 1036
1035 1095
1036 1037
1036 1096
1037 1038
1037 1097
1038 1039
1038 1098
1039 1040
1039 1099
1040 1041
1040 1100
1041 1042
1041 1101
1042 1043
1042 1102
1043 1044
1043 1103
1044 1045
1044 1104
1045 1046
1045 1105
1046 1047
1046 1106
1047 1048
1047 1107
1048 1049
1048 1108
1049 1050
1049 1109
1050 1051
1050 1110
1051 1052
1051 1111
1052 1053
1052 1112
1053 1054
1053 1113
1054 1055
1054 1114
1055 1056
1055 1115
1056 1057
1056 1116
1057 1058
1057 1117
1058 1059
1058 1118
1059 1060
1059 1119
1060 1061
1060 1120
1061 1062
1061 1121
1062 1063
1062 1122
1063 1064
1063 1123
1064 1065
1064 1124
1065 1066
1065 1125
1066 1067
1066 1126
1067 1068
1067 1127
1068 1069
1068 1128
1069 1070
1069 1129
1070 1071
1070 1130
1071 1072
1071 1131
1072 1073
1072 1132
1073 1074
1073 1133
1074 1075
1074 1134
1075 1076
1075 1135
1076 1077
1076 1136
1077 1078
1077 1137
1078 1079
1078 1138
1079 1080
1079 1139
1080 1140
1081 1082
1081 1141
1082 1083
1082 1142
1083 1084
1083 1143
1084 1085
1084 1144
1085 1086
1085 1145
1086 1087
1086 1146
1087 1088
1087 1147
1088 1089
1088 1148
1089 1090
1089 1149
1090 1091
1090 1150
1091 1092
1091 1151
1092 1093
1092 1152
1093 1094
1093 1153
1094 1095
1094 1154
1095 1096
1095 1155
1096 1097
1096 1156
1097 1098
1097 1157
1098 1099
1098 1158
1099 1100
1099 1159
1100 1101
1100 1160
1101 1102
1101 1161
1102 1103
1102 1162
1103 1104
1103 1163
1104 1105
1104 1164
1105 1106
1105 1165
1106 1107
1106 1166
1107 1108
1107 1167
1108 1109
1108 1168
1109 1110
1109 1169
1110 1111
1110 1170
1111 1112
1111 1171
1112 1113
1112 1172
1113 1114
1113 1173
1114 1115
1114 1174
1115 1116
1115 1175
1116 1117
1116 1176
1117 1118
1117 1177
1118 1119
1118 1178
1119 1120
1119 1179
1120 1121
1120 1180
1121 1122
1121 1181
1122 1123
1122 1182
1123 1124
1123 1183
1124 1125
1124 1184
1125 1126
1125 1185
1126 1127
1126 1186
1127 1128
1127 1187
1128 1129
1128 1188
1129 1130
1129 1189
1130 1131
1130 1190
1131 1132
1131 1191
1132 1133
1132 1192
1133 1134
1133 1193
1134 1135
1134 1194
1135 1136
1135 1195
1136 1137
1136 1196
1137 1138
1137 1197
1138 1139
1138 1198
1139 1140
1139 1199
1140 1200
1141 1142
1141 1201
1142 1143
1142 1202
1143 1144
1143 1203
1144 1145
1144 1204
1145 1146
1145 1205
1146 1147
1146 1206
1147 1148
1147 1207
1148 1149
1148 1208
1149 1150
1149 1209
1150 1151
1150 1210
1151 1152
1151 1211
1152 1153
1152 1212
1153 1154
1153 1213
1154 1155
1154 1214
1155 1156
1155 1215
1156 1157
1156 1216
1157 1158
1157 1217
1158 1159
1158 1218
1159 1160
1159 1219
1160 1161
1160 1220
1161 1162
1161 1221
1162 1163
1162 1222
1163 1164
1163 1223
1164 1165
1164 1224
1165 1166
1165 1225
1166 1167
1166 1226
1167 1168
1167 1227
1168 1169
1168 1228
1169 1170
1169 1229
1170 1171
1170 1230
1171 1172
1171 1231
1172 1173
1172 1232
1173 1174
1173 1233
1174 1175
1174 1234
1175 1176
1175 1235
1176 1177
1176 1236
1177 1178
1177 1237
1178 1179
1178 1238
1179 1180
1179 1239
1180 1181
1180 1240
1181 1182
1181 1241
1182 1183
1182 1242
1183 1184
1183 1243
1184 1185
1184 1244
1185 1186
1185 1245
1186 1187
1186 1246
1187 1188
1187 1247
1188 1189
1188 1248
1189 1190
1189 1249
1190 1191
1190 1250
1191 1192
1191 1251
1192 1193
1192 1252
1193 1194
1193 1253
1194 1195
1194 1254
1195 1196
1195 1255
1196 1197
1196 1256
1197 1198
1197 1257
1198 1199
1198 1258
1199 1200
1199 1259
1200 1260
1201 1202
1201 1261
1202 1203
1202 1262
1203 1204
1203 1263
1204 1205
1204 1264
1205 1206
1205 1265
1206 1207
1206 1266
1207 1208
1207 1267
1208 1209
1208 1268
1209 1210
1209 1269
1210 1211
1210 1270
1211 1212
1211 1271
1212 1213
1212 1272
1213 1214
1213 1273
1214 1215
1214 1274
1215 1216
1215 1275
1216 1217
1216 1276
1217 1218
1217 1277
1218 1219
1218 1278
1219 1220
1219 1279
1220 1221
1220 1280
1221 1222
1221 1281
1222 1223
1222 1282
1223 1224
1223 1283
1224 1225
1224 1284
1225 1226
1225 1285
1226 1227
1226 1286
1227 1228
1227 1287
1228 1229
1228 1288
1229 1230
1229 1289
1230 1231
1230 1290
1231 1232
1231 1291
1232 1233
1232 1292
1233 1234
1233 1293
1234 1235
1234 1294
1235 1236
1235 1295
1236 1237
1236 1296
1237 1238
1237 1297
1238 1239
1238 1298
1239 1240
1239 1299
1240 1241
1240 1300
1241 1242
1241 1301
1242 1243
1242 1302
1243 1244
1243 1303
1244 1245
1244 1304
1245 1246
1245 1305
1246 1247
1246 1306
1247 1248
1247 1307
1248 1249
1248 1308
1249 1250
1249 1309
1250 1251
1250 1310
1251 1252
1251 1311
1252 1253
1252 1312
1253 1254
1253 1313
1254 1255
1254 1314
1255 1256
1255 1315
1256 1257
1256 1316
1257 1258
1257 1317
1258 1259
1258 1318
1259 1260
1259 1319
1260 1320
1261 1262
1261 1321
1262 1263
1262 1322
1263 1264
1263 1323
1264 1265
1264 1324
1265 1266
1265 1325
1266 1267
1266 1326
1267 1268
1267 1327
1268 1269
1268 1328
1269 1270
1269 1329
1270 1271
1270 1330
1271 1272
1271 1331
1272 1273
1272 1332
1273 1274
1273 1333
1274 1275
1274 1334
1275 1276
1275 1335
1276 1277
1276 1336
1277 1278
1277 1337
1278 1279
1278 1338
1279 1280
1279 1339
1280 1281
1280 1340
1281 1282
1281 1341
1282 1283
1282 1342
1283 1284
1283 1343
1284 1285
1284 1344
1285 1286
1285 1345
1286 1287
1286 1346
1287 1288
1287 1347
1288 1289
1288 1348
1289 1290
1289 1349
1290 1291
1290 1350
1291 1292
1291 1351
1292 1293
1292 1352
1293 1294
1293 1353
1294 1295
1294 1354
1295 1296
1295 1355
1296 1297
1296 1356
1297 1298
1297 1357
1298 1299
1298 1358
1299 1300
1299 1359
1300 1301
1300 1360
1301 1302
1301 1361
1302 1303
1302 1362
1303 1304
1303 1363
1304 1305
1304 1364
1305 1306
1305 1365
1306 1307
1306 1366
1307 1308
1307 1367
1308 1309
1308 1368
1309 1310
1309 1369
1310 1311
1310 1370
1311 1312
1311 1371
1312 1313
1312 1372
1313 1314
1313 1373
1314 1315
1314 1374
1315 1316
1315 1375
1316 1317
1316 1376
1317 1318
1317 1377
1318 1319
1318 1378
1319 1320
1319 1379
1320 1380
1321 1322
1321 1381
1322 1323
1322 1382
1323 1324
1323 1383
1324 1325
1324 1384
1325 1326
1325 1385
1326 1327
1326 1386
1327 1328
1327 1387
1328 1329
1328 1388
1329 1330
1329 1389
1330 1331
1330 1390
1331 1332
1331 1391
1332 1333
1332 1392
1333 1334
1333 1393
1334 1335
1334 1394
1335 1336
1335 1395
1336 1337
1336 1396
1337 1338
1337 1397
1338 1339
1338 1398
1339 1340
1339 1399
1340 1341
1340 1400
1341 1342
1341 1401
1342 1343
1342 1402
1343 1344
1343 1403
1344 1345
1344 1404
1345 1346
1345 1405
1346 1347
1346 1406
1347 1348
1347 1407
1348 1349
1348 1408
1349 1350
1349 1409
1350 1351
1350 1410
1351 1352
1351 1411
1352 1353
1352 1412
1353 1354
1353 1413
1354 1355
1354 1414
1355 1356
1355 1415
1356 1357
1356 1416
1357 1358
1357 1417
1358 1359
1358 1418
1359 1360
1359 1419
1360 1361
1360 1420
1361 1362
1361 1421
1362 1363
1362 1422
1363 1364
1363 1423
1364 1365
1364 1424
1365 1366
1365 1425
1366 1367
1366 1426
1367 1368
1367 1427
1368 1369
1368 1428
1369 1370
1369 1429
1370 1371
1370 1430
1371 1372
1371 1431
1372 1373
1372 1432
1373 1374
1373 1433
1374 1375
1374 1434
1375 1376
1375 1435
1376 1377
1376 1436
1377 1378
1377 1437
1378 1379
1378 1438
1379 1380
1379 1439
1380 1440
1381 1382
1381 1441
1382 1383
1382 1442
1383 1384
1383 1443
1384 1385
1384 1444
1385 1386
1385 1445
1386 1387
1386 1446
1387 1388
1387 1447
1388 1389
1388 1448
1389 1390
1389 1449
1390 1391
1390 1450
1391 1392
1391 1451
1392 1393
1392 1452
1393 1394
1393 1453
1394 1395
1394 1454
1395 1396
1395 1455
1396 1397
1396 1456
1397 1398
1397 1457
1398 1399
1398 1458
1399 1400
1399 1459
1400 1401
1400 1460
1401 1402
1401 1461
1402 1403
1402 1462
1403 1404
1403 1463
1404 1405
1404 1464
1405 1406
1405 1465
1406 1407
1406 1466
1407 1408
1407 1467
1408 1409
1408 1468
1409 1410
1409 1469
1410 1411
1410 1470
1411 1412
1411 1471
1412 1413
1412 1472
1413 1414
1413 1473
1414 1415
1414 1474
1415 1416
1415 1475
1416 1417
1416 1476
1417 1418
1417 1477
1418 1419
1418 1478
1419 1420
1419 1479
1420 1421
1420 1480
1421 1422
1421 1481
1422 1423
1422 1482
1423 1424
1423 1483
1424 1425
1424 1484
1425 1426
1425 1485
1426 1427
1426 1486
1427 1428
1427 1487
1428 1429
1428 1488
1429 1430
1429 1489
1430 1431
1430 1490
1431 1432
1431 1491
1432 1433
1432 1492
1433 1434
1433 1493
1434 1435
1434 1494
1435 1436
1435 1495
1436 1437
1436 1496
1437 1438
1437 1497
1438 1439
1438 1498
1439 1440
1439 1499
1440 1500
1441 1442
1441 1501
1442 1443
1442 1502
1443 1444
1443 1503
1444 1445
1444 1504
1445 1446
1445 1505
1446 1447
1446 1506
1447 1448
1447 1507
1448 1449
1448 1508
1449 1450
1449 1509
1450 1451
1450 1510
1451 1452
1451 1511
1452 1453
1452 1512
1453 1454
1453 1513
1454 1455
1454 1514
1455 1456
1455 1515
1456 1457
1456 1516
1457 1458
1457 1517
1458 1459
1458 1518
1459 1460
1459 1519
1460 1461
1460 1520
1461 1462
1461 1521
1462 1463
1462 1522
1463 1464
1463 1523
1464 1465
1464 1524
1465 1466
1465 1525
1466 1467
1466 1526
1467 1468
1467 1527
1468 1469
1468 1528
1469 1470
1469 1529
1470 1471
1470 1530
1471 1472
1471 1531
1472 1473
1472 1532
1473 1474
1473 1533
1474 1475
1474 1534
1475 1476
1475 1535
1476 1477
1476 1536
1477 1478
1477 1537
1478 1479
1478 1538
1479 1480
1479 1539
1480 1481
1480 1540
1481 1482
1481 1541
1482 1483
1482 1542
1483 1484
1483 1543
1484 1485
1484 1544
1485 1486
1485 1545
1486 1487
1486 1546
1487 1488
1487 1547
1488 1489
1488 1548
1489 1490
1489 1549
1490 1491
1490 1550
1491 1492
1491 1551
1492 1493
1492 1552
1493 1494
1493 1553
1494 1495
1494 1554
1495 1496
1495 1555
1496 1497
1496 1556
1497 1498
1497 1557
1498 1499
1498 1558
1499 1500
1499 1559
1500 1560
1501 1502
1501 1561
1502 1503
1502 1562
1503 1504
1503 1563
1504 1505
1504 1564
1505 1506
1505 1565
1506 1507
1506 1566
1507 1508
1507 1567
1508 1509
1508 1568
1509 1510
1509 1569
1510 1511
1510 1570
1511 1512
1511 1571
1512 1513
1512 1572
1513 1514
1513 1573
1514 1515
1514 1574
1515 1516
1515 1575
1516 1517
1516 1576
1517 1518
1517 1577
1518 1519
1518 1578
1519 1520
1519 1579
1520 1521
1520 1580
1521 1522
1521 1581
1522 1523
1522 1582
1523 1524
1523 1583
1524 1525
1524 1584
1525 1526
1525 1585
1526 1527
1526 1586
1527 1528
1527 1587
1528 1529
1528 1588
1529 1530
1529 1589
1530 1531
1530 1590
1531 1532
1531 1591
1532 1533
1532 1592
1533 1534
1533 1593
1534 1535
1534 1594
1535 1536
1535 1595
1536 1537
1536 1596
1537 1538
1537 1597
1538 1539
1538 1598
1539 1540
1539 1599
1540 1541
1540 1600
1541 1542
1541 1601
1542 1543
1542 1602
1543 1544
1543 1603
1544 1545
1544 1604
1545 1546
1545 1605
1546 1547
1546 1606
1547 1548
1547 1607
1548 1549
1548 1608
1549 1550
1549 1609
1550 1551
1550 1610
1551 1552
1551 1611
1552 1553
1552 1612
1553 1554
1553 1613
1554 1555
1554 1614
1555 1556
1555 1615
1556 1557
1556 1616
1557 1558
1557 1617
1558 1559
1558 1618
1559 1560
1559 1619
1560 1620
1561 1562
1561 1621
1562 1563
1562 1622
1563 1564
1563 1623
1564 1565
1564 1624
1565 1566
1565 1625
1566 1567
1566 1626
1567 1568
1567 1627
1568 1569
1568 1628
1569 1570
1569 1629
1570 1571
1570 1630
1571 1572
1571 1631
1572 1573
1572 1632
1573 1574
1573 1633
1574 1575
1574 1634
1575 1576
1575 1635
1576 1577
1576 1636
1577 1578
1577 1637
1578 1579
1578 1638
1579 1580
1579 1639
1580 1581
1580 1640
1581 1582
1581 1641
1582 1583
1582 1642
1583 1584
1583 1643
1584 1585
1584 1644
1585 1586
1585 1645
1586 1587
1586 1646
1587 1588
1587 1647
1588 1589
1588 1648
1589 1590
1589 1649
1590 1591
1590 1650
1591 1592
1591 1651
1592 1593
1592 1652
1593 1594
1593 1653
1594 1595
1594 1654
1595 1596
1595 1655
1596 1597
1596 1656
1597 1598
1597 1657
1598 1599
1598 1658
1599 1600
1599 1659
1600 1601
1600 1660
1601 1602
1601 1661
1602 1603
1602 1662
1603 1604
1603 1663
1604 1605
1604 1664
1605 1606
1605 1665
1606 1607
1606 1666
1607 1608
1607 1667
1608 1609
1608 1668
1609 1610
1609 1669
1610 1611
1610 1670
1611 1612
1611 1671
1612 1613
1612 1672
1613 1614
1613 1673
1614 1615
1614 1674
1615 1616
1615 1675
1616 1617
1616 1676
1617 1618
1617 1677
1618 1619
1618 1678
1619 1620
1619 1679
1620 1680
1621 1622
1621 1681
1622 1623
1622 1682
1623 1624
1623 1683
1624 1625
1624 1684
1625 1626
1625 1685
1626 1627
1626 1686
1627 1628
1627 1687
1628 1629
1628 1688
1629 1630
1629 1689
1630 1631
1630 1690
1631 1632
1631 1691
1632 1633
1632 1692
1633 1634
1633 1693
1634 1635
1634 1694
1635 1636
1635 1695
1636 1637
1636 1696
1637 1638
1637 1697
1638 1639
1638 1698
1639 1640
1639 1699
1640 1641
1640 1700
1641 1642
1641 1701
1642 1643
1642 1702
1643 1644
1643 1703
1644 1645
1644 1704
1645 1646
1645 1705
1646 1647
1646 1706
1647 1648
1647 1707
1648 1649
1648 1708
1649 1650
1649 1709
1650 1651
1650 1710
1651 1652
1651 1711
1652 1653
1652 1712
1653 1654
1653 1713
1654 1655
1654 1714
1655 1656
1655 1715
1656 1657
1656 1716
1657 1658
1657 1717
1658 1659
1658 1718
1659 1660
1659 1719
1660 1661
1660 1720
1661 1662
1661 1721
1662 1663
1662 1722
1663 1664
1663 1723
1664 1665
1664 1724
1665 1666
1665 1725
1666 1667
1666 1726
1667 1668
1667 1727
1668 1669
1668 1728
1669 1670
1669 1729
1670 1671
1670 1730
1671 1672
1671 1731
1672 1673
1672 1732
1673 1674
1673 1733
1674 1675
1674 1734
1675 1676
1675 1735
1676 1677
1676 1736
1677 1678
1677 1737
1678 1679
1678 1738
1679 1680
1679 1739
1680 1740
1681 1682
1681 1741
1682 1683
1682 1742
1683 1684
1683 1743
1684 1685
1684 1744
1685 1686
1685 1745
1686 1687
1686 1746
1687 1688
1687 1747
1688 1689
1688 1748
1689 1690
1689 1749
1690 1691
1690 1750
1691 1692
1691 1751
1692 1693
1692 1752
1693 1694
1693 1753
1694 1695
1694 1754
1695 1696
1695 1755
1696 1697
1696 1756
1697 1698
1697 1757
1698 1699
1698 1758
1699 1700
1699 1759
1700 1701
1700 1760
1701 1702
1701 1761
1702 1703
1702 1762
1703 1704
1703 1763
1704 1705
1704 1764
1705 1706
1705 1765
1706 1707
1706 1766
1707 1708
1707 1767
1708 1709
1708 1768
1709 1710
1709 1769
1710 1711
1710 1770
1711 1712
1711 1771
1712 1713
1712 1772
1713 1714
1713 1773
1714 1715
1714 1774
1715 1716
1715 1775
1716 1717
1716 1776
1717 1718
1717 1777
1718 1719
1718 1778
1719 1720
1719 1779
1720 1721
1720 1780
1721 1722
1721 1781
1722 1723
1722 1782
1723 1724
1723 1783
1724 1725
1724 1784
1725 1726
1725 1785
1726 1727
1726 1786
1727 1728
1727 1787
1728 1729
1728 1788
1729 1730
1729 1789
1730 1731
1730 1790
1731 1732
1731 1791
1732 1733
1732 1792
1733 1734
1733 1793
1734 1735
1734 1794
1735 1736
1735 1795
1736 1737
1736 1796
1737 1738
1737 1797
1738 1739
1738 1798
1739 1740
1739 1799
1740 1800
1741 1742
1741 1801
1742 1743
1742 1802
1743 1744
1743 1803
1744 1745
1744 1804
1745 1746
1745 1805
1746 1747
1746 1806
1747 1748
1747 1807
1748 1749
1748 1808
1749 1750
1749 1809
1750 1751
1750 1810
1751 1752
1751 1811
1752 1753
1752 1812
1753 1754
1753 1813
1754 1755
1754 1814
1755 1756
1755 1815
1756 1757
1756 1816
1757 1758
1757 1817
1758 1759
1758 1818
1759 1760
1759 1819
1760 1761
1760 1820
1761 1762
1761 1821
1762 1763
1762 1822
1763 1764
1763 1823
1764 1765
1764 1824
1765 1766
1765 1825
1766 1767
1766 1826
1767 1768
1767 1827
1768 1769
1768 1828
1769 1770
1769 1829
1770 1771
1770 1830
1771 1772
1771 1831
1772 1773
1772 1832
1773 1774
1773 1833
1774 1775
1774 1834
1775 1776
1775 1835
1776 1777
1776 1836
1777 1778
1777 1837
1778 1779
1778 1838
1779 1780
1779 1839
1780 1781
1780 1840
1781 1782
1781 1841
1782 1783
1782 1842
1783 1784
1783 1843
1784 1785
1784 1844
1785 1786
1785 1845
1786 1787
1786 1846
1787 1788
1787 1847
1788 1789
1788 1848
1789 1790
1789 1849
1790 1791
1790 1850
1791 1792
1791 1851
1792 1793
1792 1852
1793 1794
1793 1853
1794 1795
1794 1854
1795 1796
1795 1855
1796 1797
1796 1856
1797 1798
1797 1857
1798 1799
1798 1858
1799 1800
1799 1859
1800 1860
1801 1802
1801 1861
1802 1803
1802 1862
1803 1804
1803 1863
1804 1805
1804 1864
1805 1806
1805 1865
1806 1807
1806 1866
1807 1808
1807 1867
1808 1809
1808 1868
1809 1810
1809 1869
1810 1811
1810 1870
1811 1812
1811 1871
1812 1813
1812 1872
1813 1814
1813 1873
1814 1815
1814 1874
1815 1816
1815 1875
1816 1817
1816 1876
1817 1818
1817 1877
1818 1819
1818 1878
1819 1820
1819 1879
1820 1821
1820 1880
1821 1822
1821 1881
1822 1823
1822 1882
1823 1824
1823 1883
1824 1825
1824 1884
1825 1826
1825 1885
1826 1827
1826 1886
1827 1828
1827 1887
1828 1829
1828 1888
1829 1830
1829 1889
1830 1831
1830 1890
1831 1832
1831 1891
1832 1833
1832 1892
1833 1834
1833 1893
1834 1835
1834 1894
1835 1836
1835 1895
1836 1837
1836 1896
1837 1838
1837 1897
1838 1839
1838 1898
1839 1840
1839 1899
1840 1841
1840 1900
1841 1842
1841 1901
1842 1843
1842 1902
1843 1844
1843 1903
1844 1845
1844 1904
1845 1846
1845 1905
1846 1847
1846 1906
1847 1848
1847 1907
1848 1849
1848 1908
1849 1850
1849 1909
1850 1851
1850 1910
1851 1852
1851 1911
1852 1853
1852 1912
1853 1854
1853 1913
1854 1855
1854 1914
1855 1856
1855 1915
1856 1857
1856 1916
1857 1858
1857 1917
1858 1859
1858 1918
1859 1860
1859 1919
1860 1920
1861 1862
1861 1921
1862 1863
1862 1922
1863 1864
1863 1923
1864 1865
1864 1924
1865 1866
1865 1925
1866 1867
1866 1926
1867 1868
1867 1927
1868 1869
1868 1928
1869 1870
1869 1929
1870 1871
1870 1930
1871 1872
1871 1931
1872 1873
1872 1932
1873 1874
1873 1933
1874 1875
1874 1934
1875 1876
1875 1935
1876 1877
1876 1936
1877 1878
1877 1937
1878 1879
1878 1938
1879 1880
1879 1939
1880 1881
1880 1940
1881 1882
1881 1941
1882 1883
1882 1942
1883 1884
1883 1943
1884 1885
1884 1944
1885 1886
1885 1945
1886 1887
1886 1946
1887 1888
1887 1947
1888 1889
1888 1948
1889 1890
1889 1949
1890 1891
1890 1950
1891 1892
1891 1951
1892 1893
1892 1952
1893 1894
1893 1953
1894 1895
1894 1954
1895 1896
1895 1955
1896 1897
1896 1956
1897 1898
1897 1957
1898 1899
1898 1958
1899 1900
1899 1959
1900 1901
1900 1960
1901 1902
1901 1961
1902 1903
1902 1962
1903 1904
1903 1963
1904 1905
1904 1964
1905 1906
1905 1965
1906 1907
1906 1966
1907 1908
1907 1967
1908 1909
1908 1968
1909 1910
1909 1969
1910 1911
1910 1970
1911 1912
1911 1971
1912 1913
1912 1972
1913 1914
1913 1973
1914 1915
1914 1974
1915 1916
1915 1975
1916 1917
1916 1976
1917 1918
1917 1977
1918 1919
1918 1978
1919 1920
1919 1979
1920 1980
1921 1922
1921 1981
1922 1923
1922 1982
1923 1924
1923 1983
1924 1925
1924 1984
1925 1926
1925 1985
1926 1927
1926 1986
1927 1928
1927 1987
1928 1929
1928 1988
1929 1930
1929 1989
1930 1931
1930 1990
1931 1932
1931 1991
1932 1933
1932 1992
1933 1934
1933 1993
1934 1935
1934 1994
1935 1936
1935 1995
1936 1937
1936 1996
1937 1938
1937 1997
1938 1939
1938 1998
1939 1940
1939 1999
1940 1941
1940 2000
1941 1942
1941 2001
1942 1943
1942 2002
1943 1944
1943 2003
1944 1945
1944 2004
1945 1946
1945 2005
1946 1947
1946 2006
1947 1948
1947 2007
1948 1949
1948 2008
1949 1950
1949 2009
1950 1951
1950 2010
1951 1952
1951 2011
1952 1953
1952 2012
1953 1954
1953 2013
1954 1955
1954 2014
1955 1956
1955 2015
1956 1957
1956 2016
1957 1958
1957 2017
1958 1959
1958 2018
1959 1960
1959 2019
1960 1961
1960 2020
1961 1962
1961 2021
1962 1963
1962 2022
1963 1964
1963 2023
1964 1965
1964 2024
1965 1966
1965 2025
1966 1967
1966 2026
1967 1968
1967 2027
1968 1969
1968 2028
1969 1970
1969 2029
1970 1971
1970 2030
1971 1972
1971 2031
1972 1973
1972 2032
1973 1974
1973 2033
1974 1975
1974 2034
1975 1976
1975 2035
1976 1977
1976 2036
1977 1978
1977 2037
1978 1979
1978 2038
1979 1980
1979 2039
1980 2040
1981 1982
1981 2041
1982 1983
1982 2042
1983 1984
1983 2043
1984 1985
1984 2044
1985 1986
1985 2045
1986 1987
1986 2046
1987 1988
1987 2047
1988 1989
1988 2048
1989 1990
1989 2049
1990 1991
1990 2050
1991 1992
1991 2051
1992 1993
1992 2052
1993 1994
1993 2053
1994 1995
1994 2054
1995 1996
1995 2055
1996 1997
1996 2056
1997 1998
1997 2057
1998 1999
1998 2058
1999 2000
1999 2059
2000 2001
2000 2060
2001 2002
2001 2061
2002 2003
2002 2062
2003 2004
2003 2063
2004 2005
2004 2064
2005 2006
2005 2065
2006 2007
2006 2066
2007 2008
2007 2067
2008 2009
2008 2068
2009 2010
2009 2069
2010 2011
2010 2070
2011 2012
2011 2071
2012 2013
2012 2072
2013 2014
2013 2073
2014 2015
2014 2074
2015 2016
2015 2075
2016 2017
2016 2076
2017 2018
2017 2077
2018 2019
2018 2078
2019 2020
2019 2079
2020 2021
2020 2080
2021 2022
2021 2081
2022 2023
2022 2082
2023 2024
2023 2083
2024 2025
2024 2084
2025 2026
2025 2085
2026 2027
2026 2086
2027 2028
2027 2087
2028 2029
2028 2088
2029 2030
2029 2089
2030 2031
2030 2090
2031 2032
2031 2091
2032 2033
2032 2092
2033 2034
2033 2093
2034 2035
2034 2094
2035 2036
2035 2095
2036 2037
2036 2096
2037 2038
2037 2097
2038 2039
2038 2098
2039 2040
2039 2099
2040 2100
2041 2042
2041 2101
2042 2043
2042 2102
2043 2044
2043 2103
2044 2045
2044 2104
2045 2046
2045 2105
2046 2047
2046 2106
2047 2048
2047 2107
2048 2049
2048 2108
2049 2050
2049 2109
2050 2051
2050 2110
2051 2052
2051 2111
2052 2053
2052 2112
2053 2054
2053 2113
2054 2055
2054 2114
2055 2056
2055 2115
2056 2057
2056 2116
2057 2058
2057 2117
2058 2059
2058 2118
2059 2060
2059 2119
2060 2061
2060 2120
2061 2062
2061 2121
2062 2063
2062 2122
2063 2064
2063 2123
2064 2065
2064 2124
2065 2066
2065 2125
2066 2067
2066 2126
2067 2068
2067 2127
2068 2069
2068 2128
2069 2070
2069 2129
2070 2071
2070 2130
2071 2072
2071 2131
2072 2073
2072 2132
2073 2074
2073 2133
2074 2075
2074 2134
2075 2076
2075 2135
2076 2077
2076 2136
2077 2078
2077 2137
2078 2079
2078 2138
2079 2080
2079 2139
2080 2081
2080 2140
2081 2082
2081 2141
2082 2083
2082 2142
2083 2084
2083 2143
2084 2085
2084 2144
2085 2086
2085 2145
2086 2087
2086 2146
2087 2088
2087 2147
2088 2089
2088 2148
2089 2090
2089 2149
2090 2091
2090 2150
2091 2092
2091 2151
2092 2093
2092 2152
2093 2094
2093 2153
2094 2095
2094 2154
2095 2096
2095 2155
2096 2097
2096 2156
2097 2098
2097 2157
2098 2099
2098 2158
2099 2100
2099 2159
2100 2160
2101 2102
2101 2161
2102 2103
2102 2162
2103 2104
2103 2163
2104 2105
2104 2164
2105 2106
2105 2165
2106 2107
2106 2166
2107 2108
2107 2167
2108 2109
2108 2168
2109 2110
2109 2169
2110 2111
2110 2170
2111 2112
2111 2171
2112 2113
2112 2172
2113 2114
2113 2173
2114 2115
2114 2174
2115 2116
2115 2175
2116 2117
2116 2176
2117 2118
2117 2177
2118 2119
2118 2178
2119 2120
2119 2179
2120 2121
2120 2180
2121 2122
2121 2181
2122 2123
2122 2182
2123 2124
2123 2183
2124 2125
2124 2184
2125 2126
2125 2185
2126 2127
2126 2186
2127 2128
2127 2187
2128 2129
2128 2188
2129 2130
2129 2189
2130 2131
2130 2190
2131 2132
2131 2191
2132 2133
2132 2192
2133 2134
2133 2193
2134 2135
2134 2194
2135 2136
2135 2195
2136 2137
2136 2196
2137 2138
2137 2197
2138 2139
2138 2198
2139 2140
2139 2199
2140 2141
2140 2200
2141 2142
2141 2201
2142 2143
2142 2202
2143 2144
2143 2203
2144 2145
2144 2204
2145 2146
2145 2205
2146 2147
2146 2206
2147 2148
2147 2207
2148 2149
2148 2208
2149 2150
2149 2209
2150 2151
2150 2210
2151 2152
2151 2211
2152 2153
2152 2212
2153 2154
2153 2213
2154 2155
2154 2214
2155 2156
2155 2215
2156 2157
2156 2216
2157 2158
2157 2217
2158 2159
2158 2218
2159 2160
2159 2219
2160 2220
2161 2162
2161 2221
2162 2163
2162 2222
2163 2164
2163 2223
2164 2165
2164 2224
2165 2166
2165 2225
2166 2167
2166 2226
2167 2168
2167 2227
2168 2169
2168 2228
2169 2170
2169 2229
2170 2171
2170 2230
2171 2172
2171 2231
2172 2173
2172 2232
2173 2174
2173 2233
2174 2175
2174 2234
2175 2176
2175 2235
2176 2177
2176 2236
2177 2178
2177 2237
2178 2179
2178 2238
2179 2180
2179 2239
2180 2181
2180 2240
2181 2182
2181 2241
2182 2183
2182 2242
2183 2184
2183 2243
2184 2185
2184 2244
2185 2186
2185 2245
2186 2187
2186 2246
2187 2188
2187 2247
2188 2189
2188 2248
2189 2190
2189 2249
2190 2191
2190 2250
2191 2192
2191 2251
2192 2193
2192 2252
2193 2194
2193 2253
2194 2195
2194 2254
2195 2196
2195 2255
2196 2197
2196 2256
2197 2198
2197 2257
2198 2199
2198 2258
2199 2200
2199 2259
2200 2201
2200 2260
2201 2202
2201 2261
2202 2203
2202 2262
2203 2204
2203 2263
2204 2205
2204 2264
2205 2206
2205 2265
2206 2207
2206 2266
2207 2208
2207 2267
2208 2209
2208 2268
2209 2210
2209 2269
2210 2211
2210 2270
2211 2212
2211 2271
2212 2213
2212 2272
2213 2214
2213 2273
2214 2215
2214 2274
2215 2216
2215 2275
2216 2217
2216 2276
2217 2218
2217 2277
2218 2219
2218 2278
2219 2220
2219 2279
2220 2280
2221 2222
2221 2281
2222 2223
2222 2282
2223 2224
2223 2283
2224 2225
2224 2284
2225 2226
2225 2285
2226 2227
2226 2286
2227 2228
2227 2287
2228 2229
2228 2288
2229 2230
2229 2289
2230 2231
2230 2290
2231 2232
2231 2291
2232 2233
2232 2292
2233 2234
2233 2293
2234 2235
2234 2294
2235 2236
2235 2295
2236 2237
2236 2296
2237 2238
2237 2297
2238 2239
2238 2298
2239 2240
2239 2299
2240 2241
2240 2300
2241 2242
2241 2301
2242 2243
2242 2302
2243 2244
2243 2303
2244 2245
2244 2304
2245 2246
2245 2305
2246 2247
2246 2306
2247 2248
2247 2307
2248 2249
2248 2308
2249 2250
2249 2309
2250 2251
2250 2310
2251 2252
2251 2311
2252 2253
2252 2312
2253 2254
2253 2313
2254 2255
2254 2314
2255 2256
2255 2315
2256 2257
2256 2316
2257 2258
2257 2317
2258 2259
2258 2318
2259 2260
2259 2319
2260 2261
2260 2320
2261 2262
2261 2321
2262 2263
2262 2322
2263 2264
2263 2323
2264 2265
2264 2324
2265 2266
2265 2325
2266 2267
2266 2326
2267 2268
2267 2327
2268 2269
2268 2328
2269 2270
2269 2329
2270 2271
2270 2330
2271 2272
2271 2331
2272 2273
2272 2332
2273 2274
2273 2333
2274 2275
2274 2334
2275 2276
2275 2335
2276 2277
2276 2336
2277 2278
2277 2337
2278 2279
2278 2338
2279 2280
2279 2339
2280 2340
2281 2282
2281 2341
2282 2283
2282 2342
2283 2284
2283 2343
2284 2285
2284 2344
2285 2286
2285 2345
2286 2287
2286 2346
2287 2288
2287 2347
2288 2289
2288 2348
2289 2290
2289 2349
2290 2291
2290 2350
2291 2292
2291 2351
2292 2293
2292 2352
2293 2294
2293 2353
2294 2295
2294 2354
2295 2296
2295 2355
2296 2297
2296 2356
2297 2298
2297 2357
2298 2299
2298 2358
2299 2300
2299 2359
2300 2301
2300 2360
2301 2302
2301 2361
2302 2303
2302 2362
2303 2304
2303 2363
2304 2305
2304 2364
2305 2306
2305 2365
2306 2307
2306 2366
2307 2308
2307 2367
2308 2309
2308 2368
2309 2310
2309 2369
2310 2311
2310 2370
2311 2312
2311 2371
2312 2313
2312 2372
2313 2314
2313 2373
2314 2315
2314 2374
2315 2316
2315 2375
2316 2317
2316 2376
2317 2318
2317 2377
2318 2319
2318 2378
2319 2320
2319 2379
2320 2321
2320 2380
2321 2322
2321 2381
2322 2323
2322 2382
2323 2324
2323 2383
2324 2325
2324 2384
2325 2326
2325 2385
2326 2327
2326 2386
2327 2328
2327 2387
2328 2329
2328 2388
2329 2330
2329 2389
2330 2331
2330 2390
2331 2332
2331 2391
2332 2333
2332 2392
2333 2334
2333 2393
2334 2335
2334 2394
2335 2336
2335 2395
2336 2337
2336 2396
2337 2338
2337 2397
2338 2339
2338 2398
2339 2340
2339 2399
2340 2400
2341 2342
2341 2401
2342 2343
2342 2402
2343 2344
2343 2403
2344 2345
2344 2404
2345 2346
2345 2405
2346 2347
2346 2406
2347 2348
2347 2407
2348 2349
2348 2408
2349 2350
2349 2409
2350 2351
2350 2410
2351 2352
2351 2411
2352 2353
2352 2412
2353 2354
2353 2413
2354 2355
2354 2414
2355 2356
2355 2415
2356 2357
2356 2416
2357 2358
2357 2417
2358 2359
2358 2418
2359 2360
2359 2419
2360 2361
2360 2420
2361 2362
2361 2421
2362 2363
2362 2422
2363 2364
2363 2423
2364 2365
2364 2424
2365 2366
2365 2425
2366 2367
2366 2426
2367 2368
2367 2427
2368 2369
2368 2428
2369 2370
2369 2429
2370 2371
2370 2430
2371 2372
2371 2431
2372 2373
2372 2432
2373 2374
2373 2433
2374 2375
2374 2434
2375 2376
2375 2435
2376 2377
2376 2436
2377 2378
2377 2437
2378 2379
2378 2438
2379 2380
2379 2439
2380 2381
2380 2440
2381 2382
2381 2441
2382 2383
2382 2442
2383 2384
2383 2443
2384 2385
2384 2444
2385 2386
2385 2445
2386 2387
2386 2446
2387 2388
2387 2447
2388 2389
2388 2448
2389 2390
2389 2449
2390 2391
2390 2450
2391 2392
2391 2451
2392 2393
2392 2452
2393 2394
2393 2453
2394 2395
2394 2454
2395 2396
2395 2455
2396 2397
2396 2456
2397 2398
2397 2457
2398 2399
2398 2458
2399 2400
2399 2459
2400 2460
2401 2402
2401 2461
2402 2403
2402 2462
2403 2404
2403 2463
2404 2405
2404 2464
2405 2406
2405 2465
2406 2407
2406 2466
2407 2408
2407 2467
2408 2409
2408 2468
2409 2410
2409 2469
2410 2411
2410 2470
2411 2412
2411 2471
2412 2413
2412 2472
2413 2414
2413 2473
2414 2415
2414 2474
2415 2416
2415 2475
2416 2417
2416 2476
2417 2418
2417 2477
2418 2419
2418 2478
2419 2420
2419 2479
2420 2421
2420 2480
2421 2422
2421 2481
2422 2423
2422 2482
2423 2424
2423 2483
2424 2425
2424 2484
2425 2426
2425 2485
2426 2427
2426 2486
2427 2428
2427 2487
2428 2429
2428 2488
2429 2430
2429 2489
2430 2431
2430 2490
2431 2432
2431 2491
2432 2433
2432 2492
2433 2434
2433 2493
2434 2435
2434 2494
2435 2436
2435 2495
2436 2437
2436 2496
2437 2438
2437 2497
2438 2439
2438 2498
2439 2440
2439 2499
2440 2441
2440 2500
2441 2442
2441 2501
2442 2443
2442 2502
2443 2444
2443 2503
2444 2445
2444 2504
2445 2446
2445 2505
2446 2447
2446 2506
2447 2448
2447 2507
2448 2449
2448 2508
2449 2450
2449 2509
2450 2451
2450 2510
2451 2452
2451 2511
2452 2453
2452 2512
2453 2454
2453 2513
2454 2455
2454 2514
2455 2456
2455 2515
2456 2457
2456 2516
2457 2458
2457 2517
2458 2459
2458 2518
2459 2460
2459 2519
2460 2520
2461 2462
2461 2521
2462 2463
2462 2522
2463 2464
2463 2523
2464 2465
2464 2524
2465 2466
2465 2525
2466 2467
2466 2526
2467 2468
2467 2527
2468 2469
2468 2528
2469 2470
2469 2529
2470 2471
2470 2530
2471 2472
2471 2531
2472 2473
2472 2532
2473 2474
2473 2533
2474 2475
2474 2534
2475 2476
2475 2535
2476 2477
2476 2536
2477 2478
2477 2537
2478 2479
2478 2538
2479 2480
2479 2539
2480 2481
2480 2540
2481 2482
2481 2541
2482 2483
2482 2542
2483 2484
2483 2543
2484 2485
2484 2544
2485 2486
2485 2545
2486 2487
2486 2546
2487 2488
2487 2547
2488 2489
2488 2548
2489 2490
2489 2549
2490 2491
2490 2550
2491 2492
2491 2551
2492 2493
2492 2552
2493 2494
2493 2553
2494 2495
2494 2554
2495 2496
2495 2555
2496 2497
2496 2556
2497 2498
2497 2557
2498 2499
2498 2558
2499 2500
2499 2559
2500 2501
2500 2560
2501 2502
2501 2561
2502 2503
2502 2562
2503 2504
2503 2563
2504 2505
2504 2564
2505 2506
2505 2565
2506 2507
2506 2566
2507 2508
2507 2567
2508 2509
2508 2568
2509 2510
2509 2569
2510 2511
2510 2570
2511 2512
2511 2571
2512 2513
2512 2572
2513 2514
2513 2573
2514 2515
2514 2574
2515 2516
2515 2575
2516 2517
2516 2576
2517 2518
2517 2577
2518 2519
2518 2578
2519 2520
2519 2579
2520 2580
2521 2522
2521 2581
2522 2523
2522 2582
2523 2524
2523 2583
2524 2525
2524 2584
2525 2526
2525 2585
2526 2527
2526 2586
2527 2528
2527 2587
2528 2529
2528 2588
2529 2530
2529 2589
2530 2531
2530 2590
2531 2532
2531 2591
2532 2533
2532 2592
2533 2534
2533 2593
2534 2535
2534 2594
2535 2536
2535 2595
2536 2537
2536 2596
2537 2538
2537 2597
2538 2539
2538 2598
2539 2540
2539 2599
2540 2541
2540 2600
2541 2542
2541 2601
2542 2543
2542 2602
2543 2544
2543 2603
2544 2545
2544 2604
2545 2546
2545 2605
2546 2547
2546 2606
2547 2548
2547 2607
2548 2549
2548 2608
2549 2550
2549 2609
2550 2551
2550 2610
2551 2552
2551 2611
2552 2553
2552 2612
2553 2554
2553 2613
2554 2555
2554 2614
2555 2556
2555 2615
2556 2557
2556 2616
2557 2558
2557 2617
2558 2559
2558 2618
2559 2560
2559 2619
2560 2561
2560 2620
2561 2562
2561 2621
2562 2563
2562 2622
2563 2564
2563 2623
2564 2565
2564 2624
2565 2566
2565 2625
2566 2567
2566 2626
2567 2568
2567 2627
2568 2569
2568 2628
2569 2570
2569 2629
2570 2571
2570 2630
2571 2572
2571 2631
2572 2573
2572 2632
2573 2574
2573 2633
2574 2575
2574 2634
2575 2576
2575 2635
2576 2577
2576 2636
2577 2578
2577 2637
2578 2579
2578 2638
2579 2580
2579 2639
2580 2640
2581 2582
2581 2641
2582 2583
2582 2642
2583 2584
2583 2643
2584 2585
2584 2644
2585 2586
2585 2645
2586 2587
2586 2646
2587 2588
2587 2647
2588 2589
2588 2648
2589 2590
2589 2649
2590 2591
2590 2650
2591 2592
2591 2651
2592 2593
2592 2652
2593 2594
2593 2653
2594 2595
2594 2654
2595 2596
2595 2655
2596 2597
2596 2656
2597 2598
2597 2657
2598 2599
2598 2658
2599 2600
2599 2659
2600 2601
2600 2660
2601 2602
2601 2661
2602 2603
2602 2662
2603 2604
2603 2663
2604 2605
2604 2664
2605 2606
2605 2665
2606 2607
2606 2666
2607 2608
2607 2667
2608 2609
2608 2668
2609 2610
2609 2669
2610 2611
2610 2670
2611 2612
2611 2671
2612 2613
2612 2672
2613 2614
2613 2673
2614 2615
2614 2674
2615 2616
2615 2675
2616 2617
2616 2676
2617 2618
2617 2677
2618 2619
2618 2678
2619 2620
2619 2679
2620 2621
2620 2680
2621 2622
2621 2681
2622 2623
2622 2682
2623 2624
2623 2683
2624 2625
2624 2684
2625 2626
2625 2685
2626 2627
2626 2686
2627 2628
2627 2687
2628 2629
2628 2688
2629 2630
2629 2689
2630 2631
2630 2690
2631 2632
2631 2691
2632 2633
2632 2692
2633 2634
2633 2693
2634 2635
2634 2694
2635 2636
2635 2695
2636 2637
2636 2696
2637 2638
2637 2697
2638 2639
2638 2698
2639 2640
2639 2699
2640 2700
2641 2642
2641 2701
2642 2643
2642 2702
2643 2644
2643 2703
2644 2645
2644 2704
2645 2646
2645 2705
2646 2647
2646 2706
2647 2648
2647 2707
2648 2649
2648 2708
2649 2650
2649 2709
2650 2651
2650 2710
2651 2652
2651 2711
2652 2653
2652 2712
2653 2654
2653 2713
2654 2655
2654 2714
2655 2656
2655 2715
2656 2657
2656 2716
2657 2658
2657 2717
2658 2659
2658 2718
2659 2660
2659 2719
2660 2661
2660 2720
2661 2662
2661 2721
2662 2663
2662 2722
2663 2664
2663 2723
2664 2665
2664 2724
2665 2666
2665 2725
2666 2667
2666 2726
2667 2668
2667 2727
2668 2669
2668 2728
2669 2670
2669 2729
2670 2671
2670 2730
2671 2672
2671 2731
2672 2673
2672 2732
2673 2674
2673 2733
2674 2675
2674 2734
2675 2676
2675 2735
2676 2677
2676 2736
2677 2678
2677 2737
2678 2679
2678 2738
2679 2680
2679 2739
2680 2681
2680 2740
2681 2682
2681 2741
2682 2683
2682 2742
2683 2684
2683 2743
2684 2685
2684 2744
2685 2686
2685 2745
2686 2687
2686 2746
2687 2688
2687 2747
2688 2689
2688 2748
2689 2690
2689 2749
2690 2691
2690 2750
2691 2692
2691 2751
2692 2693
2692 2752
2693 2694
2693 2753
2694 2695
2694 2754
2695 2696
2695 2755
2696 2697
2696 2756
2697 2698
2697 2757
2698 2699
2698 2758
2699 2700
2699 2759
2700 2760
2701 2702
2701 2761
2702 2703
2702 2762
2703 2704
2703 2763
2704 2705
2704 2764
2705 2706
2705 2765
2706 2707
2706 2766
2707 2708
2707 2767
2708 2709
2708 2768
2709 2710
2709 2769
2710 2711
2710 2770
2711 2712
2711 2771
2712 2713
2712 2772
2713 2714
2713 2773
2714 2715
2714 2774
2715 2716
2715 2775
2716 2717
2716 2776
2717 2718
2717 2777
2718 2719
2718 2778
2719 2720
2719 2779
2720 2721
2720 2780
2721 2722
2721 2781
2722 2723
2722 2782
2723 2724
2723 2783
2724 2725
2724 2784
2725 2726
2725 2785
2726 2727
2726 2786
2727 2728
2727 2787
2728 2729
2728 2788
2729 2730
2729 2789
2730 2731
2730 2790
2731 2732
2731 2791
2732 2733
2732 2792
2733 2734
2733 2793
2734 2735
2734 2794
2735 2736
2735 2795
2736 2737
2736 2796
2737 2738
2737 2797
2738 2739
2738 2798
2739 2740
2739 2799
2740 2741
2740 2800
2741 2742
2741 2801
2742 2743
2742 2802
2743 2744
2743 2803
2744 2745
2744 2804
2745 2746
2745 2805
2746 2747
2746 2806
2747 2748
2747 2807
2748 2749
2748 2808
2749 2750
2749 2809
2750 2751
2750 2810
2751 2752
2751 2811
2752 2753
2752 2812
2753 2754
2753 2813
2754 2755
2754 2814
2755 2756
2755 2815
2756 2757
2756 2816
2757 2758
2757 2817
2758 2759
2758 2818
2759 2760
2759 2819
2760 2820
2761 2762
2761 2821
2762 2763
2762 2822
2763 2764
2763 2823
2764 2765
2764 2824
2765 2766
2765 2825
2766 2767
2766 2826
2767 2768
2767 2827
2768 2769
2768 2828
2769 2770
2769 2829
2770 2771
2770 2830
2771 2772
2771 2831
2772 2773
2772 2832
2773 2774
2773 2833
2774 2775
2774 2834
2775 2776
2775 2835
2776 2777
2776 2836
2777 2778
2777 2837
2778 2779
2778 2838
2779 2780
2779 2839
2780 2781
2780 2840
2781 2782
2781 2841
2782 2783
2782 2842
2783 2784
2783 2843
2784 2785
2784 2844
2785 2786
2785 2845
2786 2787
2786 2846
2787 2788
2787 2847
2788 2789
2788 2848
2789 2790
2789 2849
2790 2791
2790 2850
2791 2792
2791 2851
2792 2793
2792 2852
2793 2794
2793 2853
2794 2795
2794 2854
2795 2796
2795 2855
2796 2797
2796 2856
2797 2798
2797 2857
2798 2799
2798 2858
2799 2800
2799 2859
2800 2801
2800 2860
2801 2802
2801 2861
2802 2803
2802 2862
2803 2804
2803 2863
2804 2805
2804 2864
2805 2806
2805 2865
2806 2807
2806 2866
2807 2808
2807 2867
2808 2809
2808 2868
2809 2810
2809 2869
2810 2811
2810 2870
2811 2812
2811 2871
2812 2813
2812 2872
2813 2814
2813 2873
2814 2815
2814 2874
2815 2816
2815 2875
2816 2817
2816 2876
2817 2818
2817 2877
2818 2819
2818 2878
2819 2820
2819 2879
2820 2880
2821 2822
2821 2881
2822 2823
2822 2882
2823 2824
2823 2883
2824 2825
2824 2884
2825 2826
2825 2885
2826 2827
2826 2886
2827 2828
2827 2887
2828 2829
2828 2888
2829 2830
2829 2889
2830 2831
2830 2890
2831 2832
2831 2891
2832 2833
2832 2892
2833 2834
2833 2893
2834 2835
2834 2894
2835 2836
2835 2895
2836 2837
2836 2896
2837 2838
2837 2897
2838 2839
2838 2898
2839 2840
2839 2899
2840 2841
2840 2900
2841 2842
2841 2901
2842 2843
2842 2902
2843 2844
2843 2903
2844 2845
2844 2904
2845 2846
2845 2905
2846 2847
2846 2906
2847 2848
2847 2907
2848 2849
2848 2908
2849 2850
2849 2909
2850 2851
2850 2910
2851 2852
2851 2911
2852 2853
2852 2912
2853 2854
2853 2913
2854 2855
2854 2914
2855 2856
2855 2915
2856 2857
2856 2916
2857 2858
2857 2917
2858 2859
2858 2918
2859 2860
2859 2919
2860 2861
2860 2920
2861 2862
2861 2921
2862 2863
2862 2922
2863 2864
2863 2923
2864 2865
2864 2924
2865 2866
2865 2925
2866 2867
2866 2926
2867 2868
2867 2927
2868 2869
2868 2928
2869 2870
2869 2929
2870 2871
2870 2930
2871 2872
2871 2931
2872 2873
2872 2932
2873 2874
2873 2933
2874 2875
2874 2934
2875 2876
2875 2935
2876 2877
2876 2936
2877 2878
2877 2937
2878 2879
2878 2938
2879 2880
2879 2939
2880 2940
2881 2882
2881 2941
2882 2883
2882 2942
2883 2884
2883 2943
2884 2885
2884 2944
2885 2886
2885 2945
2886 2887
2886 2946
2887 2888
2887 2947
2888 2889
2888 2948
2889 2890
2889 2949
2890 2891
2890 2950
2891 2892
2891 2951
2892 2893
2892 2952
2893 2894
2893 2953
2894 2895
2894 2954
2895 2896
2895 2955
2896 2897
2896 2956
2897 2898
2897 2957
2898 2899
2898 2958
2899 2900
2899 2959
2900 2901
2900 2960
2901 2902
2901 2961
2902 2903
2902 2962
2903 2904
2903 2963
2904 2905
2904 2964
2905 2906
2905 2965
2906 2907
2906 2966
2907 2908
2907 2967
2908 2909
2908 2968
2909 2910
2909 2969
2910 2911
2910 2970
2911 2912
2911 2971
2912 2913
2912 2972
2913 2914
2913 2973
2914 2915
2914 2974
2915 2916
2915 2975
2916 2917
2916 2976
2917 2918
2917 2977
2918 2919
2918 2978
2919 2920
2919 2979
2920 2921
2920 2980
2921 2922
2921 2981
2922 2923
2922 2982
2923 2924
2923 2983
2924 2925
2924 2984
2925 2926
2925 2985
2926 2927
2926 2986
2927 2928
2927 2987
2928 2929
2928 2988
2929 2930
2929 2989
2930 2931
2930 2990
2931 2932
2931 2991
2932 2933
2932 2992
2933 2934
2933 2993
2934 2935
2934 2994
2935 2936
2935 2995
2936 2937
2936 2996
2937 2938
2937 2997
2938 2939
2938 2998
2939 2940
2939 2999
2940 3000
2941 2942
2941 3001
2942 2943
2942 3002
2943 2944
2943 3003
2944 2945
2944 3004
2945 2946
2945 3005
2946 2947
2946 3006
2947 2948
2947 3007
2948 2949
2948 3008
2949 2950
2949 3009
2950 2951
2950 3010
2951 2952
2951 3011
2952 2953
2952 3012
2953 2954
2953 3013
2954 2955
2954 3014
2955 2956
2955 3015
2956 2957
2956 3016
2957 2958
2957 3017
2958 2959
2958 3018
2959 2960
2959 3019
2960 2961
2960 3020
2961 2962
2961 3021
2962 2963
2962 3022
2963 2964
2963 3023
2964 2965
2964 3024
2965 2966
2965 3025
2966 2967
2966 3026
2967 2968
2967 3027
2968 2969
2968 3028
2969 2970
2969 3029
2970 2971
2970 3030
2971 2972
2971 3031
2972 2973
2972 3032
2973 2974
2973 3033
2974 2975
2974 3034
2975 2976
2975 3035
2976 2977
2976 3036
2977 2978
2977 3037
2978 2979
2978 3038
2979 2980
2979 3039
2980 2981
2980 3040
2981 2982
2981 3041
2982 2983
2982 3042
2983 2984
2983 3043
2984 2985
2984 3044
2985 2986
2985 3045
2986 2987
2986 3046
2987 2988
2987 3047
2988 2989
2988 3048
2989 2990
2989 3049
2990 2991
2990 3050
2991 2992
2991 3051
2992 2993
2992 3052
2993 2994
2993 3053
2994 2995
2994 3054
2995 2996
2995 3055
2996 2997
2996 3056
2997 2998
2997 3057
2998 2999
2998 3058
2999 3000
2999 3059
3000 3060
3001 3002
3001 3061
3002 3003
3002 3062
3003 3004
3003 3063
3004 3005
3004 3064
3005 3006
3005 3065
3006 3007
3006 3066
3007 3008
3007 3067
3008 3009
3008 3068
3009 3010
3009 3069
3010 3011
3010 3070
3011 3012
3011 3071
3012 3013
3012 3072
3013 3014
3013 3073
3014 3015
3014 3074
3015 3016
3015 3075
3016 3017
3016 3076
3017 3018
3017 3077
3018 3019
3018 3078
3019 3020
3019 3079
3020 3021
3020 3080
3021 3022
3021 3081
3022 3023
3022 3082
3023 3024
3023 3083
3024 3025
3024 3084
3025 3026
3025 3085
3026 3027
3026 3086
3027 3028
3027 3087
3028 3029
3028 3088
3029 3030
3029 3089
3030 3031
3030 3090
3031 3032
3031 3091
3032 3033
3032 3092
3033 3034
3033 3093
3034 3035
3034 3094
3035 3036
3035 3095
3036 3037
3036 3096
3037 3038
3037 3097
3038 3039
3038 3098
3039 3040
3039 3099
3040 3041
3040 3100
3041 3042
3041 3101
3042 3043
3042 3102
3043 3044
3043 3103
3044 3045
3044 3104
3045 3046
3045 3105
3046 3047
3046 3106
3047 3048
3047 3107
3048 3049
3048 3108
3049 3050
3049 3109
3050 3051
3050 3110
3051 3052
3051 3111
3052 3053
3052 3112
3053 3054
3053 3113
3054 3055
3054 3114
3055 3056
3055 3115
3056 3057
3056 3116
3057 3058
3057 3117
3058 3059
3058 3118
3059 3060
3059 3119
3060 3120
3061 3062
3061 3121
3062 3063
3062 3122
3063 3064
3063 3123
3064 3065
3064 3124
3065 3066
3065 3125
3066 3067
3066 3126
3067 3068
3067 3127
3068 3069
3068 3128
3069 3070
3069 3129
3070 3071
3070 3130
3071 3072
3071 3131
3072 3073
3072 3132
3073 3074
3073 3133
3074 3075
3074 3134
3075 3076
3075 3135
3076 3077
3076 3136
3077 3078
3077 3137
3078 3079
3078 3138
3079 3080
3079 3139
3080 3081
3080 3140
3081 3082
3081 3141
3082 3083
3082 3142
3083 3084
3083 3143
3084 3085
3084 3144
3085 3086
3085 3145
3086 3087
3086 3146
3087 3088
3087 3147
3088 3089
3088 3148
3089 3090
3089 3149
3090 3091
3090 3150
3091 3092
3091 3151
3092 3093
3092 3152
3093 3094
3093 3153
3094 3095
3094 3154
3095 3096
3095 3155
3096 3097
3096 3156
3097 3098
3097 3157
3098 3099
3098 3158
3099 3100
3099 3159
3100 3101
3100 3160
3101 3102
3101 3161
3102 3103
3102 3162
3103 3104
3103 3163
3104 3105
3104 3164
3105 3106
3105 3165
3106 3107
3106 3166
3107 3108
3107 3167
3108 3109
3108 3168
3109 3110
3109 3169
3110 3111
3110 3170
3111 3112
3111 3171
3112 3113
3112 3172
3113 3114
3113 3173
3114 3115
3114 3174
3115 3116
3115 3175
3116 3117
3116 3176
3117 3118
3117 3177
3118 3119
3118 3178
3119 3120
3119 3179
3120 3180
3121 3122
3121 3181
3122 3123
3122 3182
3123 3124
3123 3183
3124 3125
3124 3184
3125 3126
3125 3185
3126 3127
3126 3186
3127 3128
3127 3187
3128 3129
3128 3188
3129 3130
3129 3189
3130 3131
3130 3190
3131 3132
3131 3191
3132 3133
3132 3192
3133 3134
3133 3193
3134 3135
3134 3194
3135 3136
3135 3195
3136 3137
3136 3196
3137 3138
3137 3197
3138 3139
3138 3198
3139 3140
3139 3199
3140 3141
3140 3200
3141 3142
3141 3201
3142 3143
3142 3202
3143 3144
3143 3203
3144 3145
3144 3204
3145 3146
3145 3205
3146 3147
3146 3206
3147 3148
3147 3207
3148 3149
3148 3208
3149 3150
3149 3209
3150 3151
3150 3210
3151 3152
3151 3211
3152 3153
3152 3212
3153 3154
3153 3213
3154 3155
3154 3214
3155 3156
3155 3215
3156 3157
3156 3216
3157 3158
3157 3217
3158 3159
3158 3218
3159 3160
3159 3219
3160 3161
3160 3220
3161 3162
3161 3221
3162 3163
3162 3222
3163 3164
3163 3223
3164 3165
3164 3224
3165 3166
3165 3225
3166 3167
3166 3226
3167 3168
3167 3227
3168 3169
3168 3228
3169 3170
3169 3229
3170 3171
3170 3230
3171 3172
3171 3231
3172 3173
3172 3232
3173 3174
3173 3233
3174 3175
3174 3234
3175 3176
3175 3235
3176 3177
3176 3236
3177 3178
3177 3237
3178 3179
3178 3238
3179 3180
3179 3239
3180 3240
3181 3182
3181 3241
3182 3183
3182 3242
3183 3184
3183 3243
3184 3185
3184 3244
3185 3186
3185 3245
3186 3187
3186 3246
3187 3188
3187 3247
3188 3189
3188 3248
3189 3190
3189 3249
3190 3191
3190 3250
3191 3192
3191 3251
3192 3193
3192 3252
3193 3194
3193 3253
3194 3195
3194 3254
3195 3196
3195 3255
3196 3197
3196 3256
3197 3198
3197 3257
3198 3199
3198 3258
3199 3200
3199 3259
3200 3201
3200 3260
3201 3202
3201 3261
3202 3203
3202 3262
3203 3204
3203 3263
3204 3205
3204 3264
3205 3206
3205 3265
3206 3207
3206 3266
3207 3208
3207 3267
3208 3209
3208 3268
3209 3210
3209 3269
3210 3211
3210 3270
3211 3212
3211 3271
3212 3213
3212 3272
3213 3214
3213 3273
3214 3215
3214 3274
3215 3216
3215 3275
3216 3217
3216 3276
3217 3218
3217 3277
3218 3219
3218 3278
3219 3220
3219 3279
3220 3221
3220 3280
3221 3222
3221 3281
3222 3223
3222 3282
3223 3224
3223 3283
3224 3225
3224 3284
3225 3226
3225 3285
3226 3227
3226 3286
3227 3228
3227 3287
3228 3229
3228 3288
3229 3230
3229 3289
3230 3231
3230 3290
3231 3232
3231 3291
3232 3233
3232 3292
3233 3234
3233 3293
3234 3235
3234 3294
3235 3236
3235 3295
3236 3237
3236 3296
3237 3238
3237 3297
3238 3239
3238 3298
3239 3240
3239 3299
3240 3300
3241 3242
3241 3301
3242 3243
3242 3302
3243 3244
3243 3303
3244 3245
3244 3304
3245 3246
3245 3305
3246 3247
3246 3306
3247 3248
3247 3307
3248 3249
3248 3308
3249 3250
3249 3309
3250 3251
3250 3310
3251 3252
3251 3311
3252 3253
3252 3312
3253 3254
3253 3313
3254 3255
3254 3314
3255 3256
3255 3315
3256 3257
3256 3316
3257 3258
3257 3317
3258 3259
3258 3318
3259 3260
3259 3319
3260 3261
3260 3320
3261 3262
3261 3321
3262 3263
3262 3322
3263 3264
3263 3323
3264 3265
3264 3324
3265 3266
3265 3325
3266 3267
3266 3326
3267 3268
3267 3327
3268 3269
3268 3328
3269 3270
3269 3329
3270 3271
3270 3330
3271 3272
3271 3331
3272 3273
3272 3332
3273 3274
3273 3333
3274 3275
3274 3334
3275 3276
3275 3335
3276 3277
3276 3336
3277 3278
3277 3337
3278 3279
3278 3338
3279 3280
3279 3339
3280 3281
3280 3340
3281 3282
3281 3341
3282 3283
3282 3342
3283 3284
3283 3343
3284 3285
3284 3344
3285 3286
3285 3345
3286 3287
3286 3346
3287 3288
3287 3347
3288 3289
3288 3348
3289 3290
3289 3349
3290 3291
3290 3350
3291 3292
3291 3351
3292 3293
3292 3352
3293 3294
3293 3353
3294 3295
3294 3354
3295 3296
3295 3355
3296 3297
3296 3356
3297 3298
3297 3357
3298 3299
3298 3358
3299 3300
3299 3359
3300 3360
3301 3302
3301 3361
3302 3303
3302 3362
3303 3304
3303 3363
3304 3305
3304 3364
3305 3306
3305 3365
3306 3307
3306 3366
3307 3308
3307 3367
3308 3309
3308 3368
3309 3310
3309 3369
3310 3311
3310 3370
3311 3312
3311 3371
3312 3313
3312 3372
3313 3314
3313 3373
3314 3315
3314 3374
3315 3316
3315 3375
3316 3317
3316 3376
3317 3318
3317 3377
3318 3319
3318 3378
3319 3320
3319 3379
3320 3321
3320 3380
3321 3322
3321 3381
3322 3323
3322 3382
3323 3324
3323 3383
3324 3325
3324 3384
3325 3326
3325 3385
3326 3327
3326 3386
3327 3328
3327 3387
3328 3329
3328 3388
3329 3330
3329 3389
3330 3331
3330 3390
3331 3332
3331 3391
3332 3333
3332 3392
3333 3334
3333 3393
3334 3335
3334 3394
3335 3336
3335 3395
3336 3337
3336 3396
3337 3338
3337 3397
3338 3339
3338 3398
3339 3340
3339 3399
3340 3341
3340 3400
3341 3342
3341 3401
3342 3343
3342 3402
3343 3344
3343 3403
3344 3345
3344 3404
3345 3346
3345 3405
3346 3347
3346 3406
3347 3348
3347 3407
3348 3349
3348 3408
3349 3350
3349 3409
3350 3351
3350 3410
3351 3352
3351 3411
3352 3353
3352 3412
3353 3354
3353 3413
3354 3355
3354 3414
3355 3356
3355 3415
3356 3357
3356 3416
3357 3358
3357 3417
3358 3359
3358 3418
3359 3360
3359 3419
3360 3420
3361 3362
3361 3421
3362 3363
3362 3422
3363 3364
3363 3423
3364 3365
3364 3424
3365 3366
3365 3425
3366 3367
3366 3426
3367 3368
3367 3427
3368 3369
3368 3428
3369 3370
3369 3429
3370 3371
3370 3430
3371 3372
3371 3431
3372 3373
3372 3432
3373 3374
3373 3433
3374 3375
3374 3434
3375 3376
3375 3435
3376 3377
3376 3436
3377 3378
3377 3437
3378 3379
3378 3438
3379 3380
3379 3439
3380 3381
3380 3440
3381 3382
3381 3441
3382 3383
3382 3442
3383 3384
3383 3443
3384 3385
3384 3444
3385 3386
3385 3445
3386 3387
3386 3446
3387 3388
3387 3447
3388 3389
3388 3448
3389 3390
3389 3449
3390 3391
3390 3450
3391 3392
3391 3451
3392 3393
3392 3452
3393 3394
3393 3453
3394 3395
3394 3454
3395 3396
3395 3455
3396 3397
3396 3456
3397 3398
3397 3457
3398 3399
3398 3458
3399 3400
3399 3459
3400 3401
3400 3460
3401 3402
3401 3461
3402 3403
3402 3462
3403 3404
3403 3463
3404 3405
3404 3464
3405 3406
3405 3465
3406 3407
3406 3466
3407 3408
3407 3467
3408 3409
3408 3468
3409 3410
3409 3469
3410 3411
3410 3470
3411 3412
3411 3471
3412 3413
3412 3472
3413 3414
3413 3473
3414 3415
3414 3474
3415 3416
3415 3475
3416 3417
3416 3476
3417 3418
3417 3477
3418 3419
3418 3478
3419 3420
3419 3479
3420 3480
3421 3422
3421 3481
3422 3423
3422 3482
3423 3424
3423 3483
3424 3425
3424 3484
3425 3426
3425 3485
3426 3427
3426 3486
3427 3428
3427 3487
3428 3429
3428 3488
3429 3430
3429 3489
3430 3431
3430 3490
3431 3432
3431 3491
3432 3433
3432 3492
3433 3434
3433 3493
3434 3435
3434 3494
3435 3436
3435 3495
3436 3437
3436 3496
3437 3438
3437 3497
3438 3439
3438 3498
3439 3440
3439 3499
3440 3441
3440 3500
3441 3442
3441 3501
3442 3443
3442 3502
3443 3444
3443 3503
3444 3445
3444 3504
3445 3446
3445 3505
3446 3447
3446 3506
3447 3448
3447 3507
3448 3449
3448 3508
3449 3450
3449 3509
3450 3451
3450 3510
3451 3452
3451 3511
3452 3453
3452 3512
3453 3454
3453 3513
3454 3455
3454 3514
3455 3456
3455 3515
3456 3457
3456 3516
3457 3458
3457 3517
3458 3459
3458 3518
3459 3460
3459 3519
3460 3461
3460 3520
3461 3462
3461 3521
3462 3463
3462 3522
3463 3464
3463 3523
3464 3465
3464 3524
3465 3466
3465 3525
3466 3467
3466 3526
3467 3468
3467 3527
3468 3469
3468 3528
3469 3470
3469 3529
3470 3471
3470 3530
3471 3472
3471 3531
3472 3473
3472 3532
3473 3474
3473 3533
3474 3475
3474 3534
3475 3476
3475 3535
3476 3477
3476 3536
3477 3478
3477 3537
3478 3479
3478 3538
3479 3480
3479 3539
3480 3540
3481 3482
3481 3541
3482 3483
3482 3542
3483 3484
3483 3543
3484 3485
3484 3544
3485 3486
3485 3545
3486 3487
3486 3546
3487 3488
3487 3547
3488 3489
3488 3548
3489 3490
3489 3549
3490 3491
3490 3550
3491 3492
3491 3551
3492 3493
3492 3552
3493 3494
3493 3553
3494 3495
3494 3554
3495 3496
3495 3555
3496 3497
3496 3556
3497 3498
3497 3557
3498 3499
3498 3558
3499 3500
3499 3559
3500 3501
3500 3560
3501 3502
3501 3561
3502 3503
3502 3562
3503 3504
3503 3563
3504 3505
3504 3564
3505 3506
3505 3565
3506 3507
3506 3566
3507 3508
3507 3567
3508 3509
3508 3568
3509 3510
3509 3569
3510 3511
3510 3570
3511 3512
3511 3571
3512 3513
3512 3572
3513 3514
3513 3573
3514 3515
3514 3574
3515 3516
3515 3575
3516 3517
3516 3576
3517 3518
3517 3577
3518 3519
3518 3578
3519 3520
3519 3579
3520 3521
3520 3580
3521 3522
3521 3581
3522 3523
3522 3582
3523 3524
3523 3583
3524 3525
3524 3584
3525 3526
3525 3585
3526 3527
3526 3586
3527 3528
3527 3587
3528 3529
3528 3588
3529 3530
3529 3589
3530 3531
3530 3590
3531 3532
3531 3591
3532 3533
3532 3592
3533 3534
3533 3593
3534 3535
3534 3594
3535 3536
3535 3595
3536 3537
3536 3596
3537 3538
3537 3597
3538 3539
3538 3598
3539 3540
3539 3599
3540 3600
3541 3542
3542 3543
3543 3544
3544 3545
3545 3546
3546 3547
3547 3548
3548 3549
3549 3550
3550 3551
3551 3552
3552 3553
3553 3554
3554 3555
3555 3556
3556 3557
3557 3558
3558 3559
3559 3560
3560 3561
3561 3562
3562 3563
3563 3564
3564 3565
3565 3566
3566 3567
3567 3568
3568 3569
3569 3570
3570 3571
3571 3572
3572 3573
3573 3574
3574 3575
3575 3576
3576 3577
3577 3578
3578 3579
3579 3580
3580 3581
3581 3582
3582 3583
3583 3584
3584 3585
3585 3586
3586 3587
3587 3588
3588 3589
3589 3590
3590 3591
3591 3592
3592 3593
3593 3594
3594 3595
3595 3596
3596 3597
3597 3598
3598 3599
3599 3600
