3600 7080
1 2 4
1 61 6
2 3 6
2 62 1
3 4 2
3 63 4
4 5 6
4 64 1
5 6 4
5 65 2
6 7 3
6 66 2
7 8 9
7 67 1
8 9 1
8 68 6
9 10 6
9 69 9
10 11 5
10 70 7
11 12 5
11 71 2
12 13 2
12 72 4
13 14 3
13 73 3
14 15 6
14 74 1
15 16 7
15 75 3
16 17 7
16 76 9
17 18 6
17 77 3
18 19 7
18 78 8
19 20 4
19 79 3
20 21 8
20 80 7
21 22 2
21 81 2
22 23 6
22 82 2
23 24 9
23 83 4
24 25 5
24 84 5
25 26 4
25 85 9
26 27 9
26 86 6
27 28 2
27 87 1
28 29 7
28 88 2
29 30 1
29 89 2
30 31 2
30 90 5
31 32 2
31 91 6
32 33 2
32 92 7
33 34 6
33 93 8
34 35 5
34 94 9
35 36 1
35 95 2
36 37 4
36 96 1
37 38 1
37 97 9
38 39 2
38 98 9
39 40 4
39 99 4
40 41 4
40 100 5
41 42 4
41 101 1
42 43 8
42 102 3
43 44 1
43 103 6
44 45 2
44 104 1
45 46 7
45 105 1
46 47 3
46 106 6
47 48 7
47 107 5
48 49 3
48 108 3
49 50 3
49 109 6
50 51 1
50 110 2
51 52 5
51 111 4
52 53 2
52 112 5
53 54 2
53 113 1
54 55 4
54 114 3
55 56 4
55 115 5
56 57 7
56 116 5
57 58 3
57 117 5
58 59 7
58 118 3
59 60 8
59 119 6
60 120 3
61 62 7
61 121 3
62 63 8
62 122 2
63 64 7
63 123 9
64 65 2
64 124 8
65 66 5
65 125 2
66 67 9
66 126 9
67 68 4
67 127 8
68 69 2
68 128 5
69 70 8
69 129 3
70 71 7
70 130 2
71 72 5
71 131 2
72 73 5
72 132 7
73 74 4
73 133 2
74 75 7
74 134 3
75 76 6
75 135 7
76 77 5
76 136 3
77 78 7
77 137 2
78 79 4
78 138 3
79 80 1
79 139 5
80 81 1
80 140 3
81 82 5
81 141 7
82 83 9
82 142 8
83 84 3
83 143 1
84 85 1
84 144 1
85 86 3
85 145 5
86 87 9
86 146 5
87 88 6
87 147 4
88 89 2
88 148 9
89 90 4
89 149 8
90 91 9
90 150 9
91 92 3
91 151 3
92 93 9
92 152 7
93 94 4
93 153 1
94 95 9
94 154 2
95 96 5
95 155 7
96 97 4
96 156 7
97 98 2
97 157 3
98 99 3
98 158 4
99 100 3
99 159 3
100 101 2
100 160 3
101 102 5
101 161 2
102 103 7
102 162 8
103 104 3
103 163 6
104 105 8
104 164 4
105 106 2
105 165 5
106 107 1
106 166 4
107 108 7
107 167 9
108 109 1
108 168 1
109 110 9
109 169 8
110 111 2
110 170 3
111 112 3
111 171 3
112 113 9
112 172 5
113 114 5
113 173 1
114 115 8
114 174 5
115 116 3
115 175 8
116 117 5
116 176 6
117 118 7
117 177 9
118 119 4
118 178 9
119 120 5
119 179 9
120 180 6
121 122 5
121 181 2
122 123 7
122 182 2
123 124 2
123 183 8
124 125 1
124 184 1
125 126 4
125 185 9
126 127 1
126 186 6
127 128 3
127 187 8
128 129 1
128 188 5
129 130 8
129 189 7
130 131 1
130 190 1
131 132 5
131 191 5
132 133 6
132 192 2
133 134 5
133 193 8
134 135 8
134 194 7
135 136 7
135 195 9
136 137 4
136 196 2
137 138 2
137 197 1
138 139 2
138 198 3
139 140 6
139 199 2
140 141 1
140 200 9
141 142 8
141 201 2
142 143 4
142 202 1
143 144 9
143 203 4
144 145 6
144 204 7
145 146 8
145 205 4
146 147 5
146 206 1
147 148 6
147 207 9
148 149 2
148 208 8
149 150 7
149 209 8
150 151 6
150 210 4
151 152 7
151 211 7
152 153 4
152 212 6
153 154 5
153 213 5
154 155 6
154 214 2
155 156 6
155 215 7
156 157 8
156 216 4
157 158 6
157 217 2
158 159 3
158 218 3
159 160 4
159 219 6
160 161 7
160 220 2
161 162 7
161 221 9
162 163 1
162 222 3
163 164 8
163 223 9
164 165 2
164 224 3
165 166 7
165 225 5
166 167 5
166 226 3
167 168 2
167 227 8
168 169 8
168 228 4
169 170 1
169 229 5
170 171 5
170 230 6
171 172 9
171 231 2
172 173 7
172 232 3
173 174 1
173 233 7
174 175 5
174 234 2
175 176 3
175 235 9
176 177 2
176 236 7
177 178 8
177 237 2
178 179 1
178 238 5
179 180 1
179 239 9
180 240 8
181 182 2
181 241 9
182 183 8
182 242 3
183 184 5
183 243 6
184 185 4
184 244 5
185 186 8
185 245 9
186 187 8
186 246 5
187 188 8
187 247 6
188 189 7
188 248 6
189 190 1
189 249 9
190 191 8
190 250 2
191 192 8
191 251 9
192 193 8
192 252 5
193 194 1
193 253 6
194 195 9
194 254 1
195 196 5
195 255 4
196 197 6
196 256 4
197 198 2
197 257 4
198 199 4
198 258 6
199 200 8
199 259 8
200 201 2
200 260 6
201 202 5
201 261 9
202 203 9
202 262 3
203 204 3
203 263 6
204 205 8
204 264 2
205 206 4
205 265 4
206 207 3
206 266 9
207 208 3
207 267 8
208 209 4
208 268 1
209 210 5
209 269 1
210 211 9
210 270 7
211 212 3
211 271 5
212 213 2
212 272 4
213 214 7
213 273 5
214 215 9
214 274 5
215 216 3
215 275 8
216 217 8
216 276 7
217 218 8
217 277 7
218 219 7
218 278 8
219 220 2
219 279 4
220 221 9
220 280 3
221 222 7
221 281 2
222 223 2
222 282 8
223 224 1
223 283 4
224 225 8
224 284 3
225 226 4
225 285 7
226 227 9
226 286 4
227 228 1
227 287 1
228 229 7
228 288 5
229 230 4
229 289 7
230 231 9
230 290 6
231 232 3
231 291 5
232 233 2
232 292 1
233 234 1
233 293 8
234 235 7
234 294 2
235 236 9
235 295 6
236 237 4
236 296 5
237 238 6
237 297 3
238 239 3
238 298 4
239 240 6
239 299 8
240 300 8
241 242 4
241 301 3
242 243 2
242 302 4
243 244 2
243 303 9
244 245 6
244 304 5
245 246 4
245 305 3
246 247 8
246 306 6
247 248 7
247 307 9
248 249 5
248 308 7
249 250 6
249 309 2
250 251 6
250 310 3
251 252 5
251 311 7
252 253 7
252 312 1
253 254 1
253 313 9
254 255 4
254 314 4
255 256 8
255 315 7
256 257 2
256 316 2
257 258 1
257 317 4
258 259 3
258 318 2
259 260 1
259 319 8
260 261 6
260 320 2
261 262 1
261 321 2
262 263 5
262 322 5
263 264 9
263 323 7
264 265 1
264 324 3
265 266 8
265 325 4
266 267 5
266 326 2
267 268 2
267 327 3
268 269 2
268 328 9
269 270 9
269 329 4
270 271 3
270 330 7
271 272 1
271 331 5
272 273 6
272 332 8
273 274 6
273 333 6
274 275 9
274 334 4
275 276 2
275 335 3
276 277 3
276 336 9
277 278 5
277 337 7
278 279 3
278 338 2
279 280 5
279 339 3
280 281 4
280 340 1
281 282 6
281 341 8
282 283 2
282 342 7
283 284 8
283 343 2
284 285 4
284 344 8
285 286 5
285 345 7
286 287 5
286 346 3
287 288 9
287 347 9
288 289 2
288 348 3
289 290 3
289 349 1
290 291 4
290 350 5
291 292 2
291 351 6
292 293 2
292 352 4
293 294 1
293 353 4
294 295 5
294 354 3
295 296 6
295 355 8
296 297 4
296 356 1
297 298 4
297 357 3
298 299 5
298 358 3
299 300 2
299 359 9
300 360 4
301 302 6
301 361 3
302 303 7
302 362 3
303 304 9
303 363 8
304 305 5
304 364 3
305 306 6
305 365 8
306 307 5
306 366 5
307 308 4
307 367 6
308 309 8
308 368 4
309 310 1
309 369 1
310 311 5
310 370 4
311 312 8
311 371 8
312 313 4
312 372 1
313 314 8
313 373 9
314 315 3
314 374 8
315 316 6
315 375 1
316 317 2
316 376 2
317 318 3
317 377 8
318 319 4
318 378 3
319 320 4
319 379 6
320 321 3
320 380 8
321 322 4
321 381 7
322 323 3
322 382 5
323 324 3
323 383 9
324 325 6
324 384 1
325 326 9
325 385 1
326 327 3
326 386 6
327 328 6
327 387 4
328 329 6
328 388 3
329 330 1
329 389 6
330 331 1
330 390 6
331 332 6
331 391 9
332 333 5
332 392 8
333 334 8
333 393 6
334 335 8
334 394 9
335 336 2
335 395 1
336 337 7
336 396 3
337 338 7
337 397 8
338 339 5
338 398 8
339 340 7
339 399 9
340 341 6
340 400 6
341 342 7
341 401 6
342 343 9
342 402 2
343 344 1
343 403 5
344 345 4
344 404 8
345 346 1
345 405 2
346 347 5
346 406 4
347 348 1
347 407 9
348 349 3
348 408 6
349 350 4
349 409 8
350 351 6
350 410 5
351 352 9
351 411 1
352 353 6
352 412 4
353 354 8
353 413 8
354 355 2
354 414 3
355 356 7
355 415 6
356 357 7
356 416 5
357 358 2
357 417 6
358 359 4
358 418 9
359 360 9
359 419 5
360 420 9
361 362 6
361 421 3
362 363 2
362 422 4
363 364 9
363 423 4
364 365 8
364 424 3
365 366 9
365 425 2
366 367 6
366 426 8
367 368 2
367 427 9
368 369 1
368 428 8
369 370 7
369 429 2
370 371 1
370 430 3
371 372 5
371 431 7
372 373 5
372 432 5
373 374 4
373 433 8
374 375 4
374 434 3
375 376 3
375 435 2
376 377 9
376 436 6
377 378 2
377 437 1
378 379 7
378 438 9
379 380 2
379 439 5
380 381 9
380 440 2
381 382 6
381 441 3
382 383 7
382 442 6
383 384 9
383 443 7
384 385 4
384 444 7
385 386 7
385 445 4
386 387 7
386 446 2
387 388 2
387 447 2
388 389 6
388 448 3
389 390 9
389 449 8
390 391 5
390 450 9
391 392 7
391 451 4
392 393 3
392 452 7
393 394 3
393 453 9
394 395 6
394 454 4
395 396 3
395 455 3
396 397 3
396 456 6
397 398 4
397 457 1
398 399 2
398 458 3
399 400 7
399 459 5
400 401 7
400 460 4
401 402 7
401 461 4
402 403 4
402 462 8
403 404 5
403 463 7
404 405 1
404 464 2
405 406 3
405 465 3
406 407 8
406 466 1
407 408 4
407 467 1
408 409 7
408 468 6
409 410 8
409 469 1
410 411 8
410 470 8
411 412 1
411 471 1
412 413 4
412 472 4
413 414 8
413 473 4
414 415 7
414 474 6
415 416 6
415 475 4
416 417 7
416 476 3
417 418 8
417 477 8
418 419 1
418 478 1
419 420 4
419 479 8
420 480 6
421 422 8
421 481 8
422 423 6
422 482 3
423 424 9
423 483 1
424 425 8
424 484 5
425 426 1
425 485 4
426 427 3
426 486 9
427 428 5
427 487 4
428 429 3
428 488 1
429 430 7
429 489 7
430 431 4
430 490 4
431 432 9
431 491 9
432 433 6
432 492 5
433 434 7
433 493 5
434 435 5
434 494 1
435 436 1
435 495 5
436 437 5
436 496 9
437 438 4
437 497 1
438 439 2
438 498 1
439 440 9
439 499 7
440 441 3
440 500 7
441 442 2
441 501 5
442 443 6
442 502 4
443 444 8
443 503 9
444 445 4
444 504 4
445 446 4
445 505 8
446 447 7
446 506 3
447 448 7
447 507 1
448 449 7
448 508 2
449 450 5
449 509 3
450 451 1
450 510 4
451 452 5
451 511 5
452 453 3
452 512 6
453 454 3
453 513 2
454 455 4
454 514 2
455 456 6
455 515 6
456 457 9
456 516 5
457 458 8
457 517 5
458 459 8
458 518 7
459 460 2
459 519 1
460 461 1
460 520 6
461 462 6
461 521 5
462 463 6
462 522 1
463 464 5
463 523 4
464 465 9
464 524 8
465 466 4
465 525 9
466 467 2
466 526 6
467 468 2
467 527 2
468 469 3
468 528 5
469 470 1
469 529 4
470 471 4
470 530 6
471 472 1
471 531 1
472 473 2
472 532 8
473 474 4
473 533 7
474 475 3
474 534 3
475 476 7
475 535 3
476 477 8
476 536 1
477 478 5
477 537 3
478 479 1
478 538 1
479 480 4
479 539 1
480 540 7
481 482 7
481 541 5
482 483 3
482 542 9
483 484 4
483 543 3
484 485 2
484 544 4
485 486 7
485 545 3
486 487 7
486 546 5
487 488 4
487 547 8
488 489 3
488 548 7
489 490 4
489 549 6
490 491 9
490 550 1
491 492 6
491 551 6
492 493 9
492 552 9
493 494 6
493 553 7
494 495 7
494 554 9
495 496 5
495 555 3
496 497 6
496 556 3
497 498 7
497 557 6
498 499 9
498 558 8
499 500 7
499 559 8
500 501 2
500 560 2
501 502 8
501 561 8
502 503 6
502 562 2
503 504 5
503 563 6
504 505 6
504 564 8
505 506 9
505 565 4
506 507 6
506 566 6
507 508 7
507 567 5
508 509 5
508 568 3
509 510 1
509 569 2
510 511 9
510 570 5
511 512 2
511 571 3
512 513 5
512 572 6
513 514 8
513 573 4
514 515 4
514 574 3
515 516 9
515 575 5
516 517 2
516 576 8
517 518 1
517 577 7
518 519 7
518 578 5
519 520 4
519 579 2
520 521 1
520 580 3
521 522 5
521 581 7
522 523 6
522 582 9
523 524 9
523 583 8
524 525 9
524 584 9
525 526 7
525 585 8
526 527 5
526 586 6
527 528 1
527 587 9
528 529 2
528 588 6
529 530 2
529 589 5
530 531 7
530 590 8
531 532 7
531 591 8
532 533 4
532 592 6
533 534 6
533 593 2
534 535 8
534 594 7
535 536 3
535 595 9
536 537 7
536 596 5
537 538 4
537 597 2
538 539 2
538 598 3
539 540 9
539 599 1
540 600 5
541 542 6
541 601 3
542 543 1
542 602 6
543 544 9
543 603 1
544 545 9
544 604 1
545 546 5
545 605 6
546 547 7
546 606 1
547 548 5
547 607 1
548 549 4
548 608 8
549 550 2
549 609 2
550 551 3
550 610 2
551 552 8
551 611 7
552 553 4
552 612 2
553 554 8
553 613 5
554 555 3
554 614 6
555 556 3
555 615 3
556 557 1
556 616 8
557 558 5
557 617 8
558 559 2
558 618 4
559 560 8
559 619 9
560 561 3
560 620 2
561 562 5
561 621 9
562 563 2
562 622 7
563 564 9
563 623 5
564 565 3
564 624 9
565 566 4
565 625 5
566 567 8
566 626 3
567 568 3
567 627 3
568 569 4
568 628 8
569 570 7
569 629 4
570 571 4
570 630 1
571 572 6
571 631 2
572 573 6
572 632 8
573 574 1
573 633 6
574 575 1
574 634 8
575 576 5
575 635 1
576 577 9
576 636 7
577 578 7
577 637 8
578 579 5
578 638 6
579 580 1
579 639 5
580 581 3
580 640 3
581 582 8
581 641 2
582 583 5
582 642 8
583 584 4
583 643 6
584 585 6
584 644 8
585 586 1
585 645 1
586 587 6
586 646 4
587 588 2
587 647 1
588 589 1
588 648 9
589 590 6
589 649 8
590 591 6
590 650 1
591 592 8
591 651 3
592 593 7
592 652 5
593 594 9
593 653 9
594 595 8
594 654 9
595 596 3
595 655 9
596 597 9
596 656 1
597 598 1
597 657 4
598 599 8
598 658 2
599 600 8
599 659 2
600 660 6
601 602 2
601 661 2
602 603 7
602 662 2
603 604 2
603 663 5
604 605 8
604 664 7
605 606 3
605 665 4
606 607 5
606 666 1
607 608 7
607 667 9
608 609 3
608 668 6
609 610 7
609 669 2
610 611 3
610 670 9
611 612 1
611 671 3
612 613 9
612 672 8
613 614 4
613 673 5
614 615 7
614 674 9
615 616 6
615 675 4
616 617 5
616 676 6
617 618 5
617 677 1
618 619 5
618 678 4
619 620 5
619 679 3
620 621 1
620 680 8
621 622 5
621 681 3
622 623 6
622 682 9
623 624 3
623 683 9
624 625 5
624 684 7
625 626 8
625 685 5
626 627 6
626 686 6
627 628 5
627 687 3
628 629 2
628 688 7
629 630 7
629 689 8
630 631 6
630 690 1
631 632 9
631 691 9
632 633 4
632 692 5
633 634 9
633 693 8
634 635 6
634 694 2
635 636 9
635 695 7
636 637 7
636 696 2
637 638 7
637 697 4
638 639 1
638 698 7
639 640 1
639 699 3
640 641 4
640 700 6
641 642 7
641 701 7
642 643 2
642 702 1
643 644 9
643 703 3
644 645 5
644 704 4
645 646 1
645 705 1
646 647 3
646 706 9
647 648 7
647 707 6
648 649 2
648 708 4
649 650 3
649 709 8
650 651 6
650 710 9
651 652 3
651 711 3
652 653 1
652 712 7
653 654 4
653 713 1
654 655 5
654 714 4
655 656 1
655 715 6
656 657 7
656 716 5
657 658 4
657 717 8
658 659 5
658 718 1
659 660 8
659 719 9
660 720 8
661 662 8
661 721 7
662 663 6
662 722 5
663 664 1
663 723 5
664 665 7
664 724 3
665 666 1
665 725 1
666 667 9
666 726 1
667 668 1
667 727 9
668 669 8
668 728 5
669 670 7
669 729 1
670 671 6
670 730 7
671 672 6
671 731 4
672 673 3
672 732 7
673 674 9
673 733 7
674 675 8
674 734 8
675 676 5
675 735 3
676 677 4
676 736 3
677 678 7
677 737 7
678 679 5
678 738 5
679 680 1
679 739 9
680 681 8
680 740 1
681 682 9
681 741 7
682 683 9
682 742 1
683 684 5
683 743 7
684 685 3
684 744 2
685 686 5
685 745 6
686 687 9
686 746 8
687 688 7
687 747 2
688 689 6
688 748 7
689 690 6
689 749 2
690 691 3
690 750 8
691 692 4
691 751 6
692 693 1
692 752 8
693 694 4
693 753 4
694 695 3
694 754 2
695 696 1
695 755 8
696 697 2
696 756 1
697 698 4
697 757 1
698 699 8
698 758 8
699 700 5
699 759 8
700 701 7
700 760 7
701 702 2
701 761 6
702 703 6
702 762 9
703 704 5
703 763 9
704 705 4
704 764 9
705 706 1
705 765 6
706 707 7
706 766 2
707 708 9
707 767 6
708 709 7
708 768 1
709 710 9
709 769 7
710 711 2
710 770 7
711 712 6
711 771 2
712 713 7
712 772 9
713 714 2
713 773 3
714 715 5
714 774 5
715 716 8
715 775 2
716 717 9
716 776 1
717 718 6
717 777 3
718 719 9
718 778 8
719 720 2
719 779 1
720 780 9
721 722 6
721 781 5
722 723 8
722 782 3
723 724 1
723 783 5
724 725 4
724 784 7
725 726 3
725 785 5
726 727 4
726 786 6
727 728 6
727 787 9
728 729 3
728 788 6
729 730 9
729 789 7
730 731 8
730 790 8
731 732 6
731 791 7
732 733 6
732 792 9
733 734 1
733 793 3
734 735 8
734 794 9
735 736 3
735 795 5
736 737 7
736 796 6
737 738 7
737 797 5
738 739 8
738 798 5
739 740 1
739 799 9
740 741 9
740 800 1
741 742 3
741 801 2
742 743 6
742 802 6
743 744 8
743 803 8
744 745 2
744 804 7
745 746 3
745 805 7
746 747 3
746 806 8
747 748 3
747 807 6
748 749 6
748 808 1
749 750 8
749 809 4
750 751 9
750 810 8
751 752 6
751 811 6
752 753 2
752 812 4
753 754 9
753 813 8
754 755 6
754 814 7
755 756 7
755 815 6
756 757 7
756 816 9
757 758 7
757 817 3
758 759 6
758 818 5
759 760 8
759 819 5
760 761 9
760 820 1
761 762 3
761 821 1
762 763 6
762 822 5
763 764 6
763 823 2
764 765 3
764 824 3
765 766 5
765 825 2
766 767 1
766 826 9
767 768 6
767 827 3
768 769 1
768 828 3
769 770 1
769 829 6
770 771 9
770 830 5
771 772 9
771 831 6
772 773 3
772 832 6
773 774 6
773 833 8
774 775 8
774 834 4
775 776 1
775 835 6
776 777 4
776 836 1
777 778 4
777 837 9
778 779 5
778 838 9
779 780 9
779 839 7
780 840 4
781 782 7
781 841 1
782 783 1
782 842 1
783 784 1
783 843 1
784 785 3
784 844 1
785 786 7
785 845 2
786 787 3
786 846 6
787 788 5
787 847 5
788 789 1
788 848 1
789 790 3
789 849 6
790 791 4
790 850 2
791 792 9
791 851 5
792 793 2
792 852 3
793 794 2
793 853 5
794 795 1
794 854 1
795 796 9
795 855 9
796 797 5
796 856 6
797 798 9
797 857 5
798 799 4
798 858 9
799 800 4
799 859 4
800 801 7
800 860 1
801 802 3
801 861 1
802 803 4
802 862 7
803 804 5
803 863 2
804 805 7
804 864 6
805 806 8
805 865 8
806 807 5
806 866 5
807 808 3
807 867 6
808 809 8
808 868 5
809 810 1
809 869 8
810 811 3
810 870 1
811 812 7
811 871 7
812 813 4
812 872 5
813 814 1
813 873 6
814 815 2
814 874 4
815 816 9
815 875 9
816 817 2
816 876 3
817 818 7
817 877 3
818 819 7
818 878 9
819 820 5
819 879 5
820 821 3
820 880 1
821 822 1
821 881 7
822 823 5
822 882 2
823 824 4
823 883 1
824 825 4
824 884 2
825 826 8
825 885 6
826 827 9
826 886 4
827 828 2
827 887 4
828 829 8
828 888 9
829 830 9
829 889 9
830 831 3
830 890 6
831 832 6
831 891 2
832 833 8
832 892 1
833 834 4
833 893 6
834 835 1
834 894 6
835 836 8
835 895 1
836 837 6
836 896 6
837 838 8
837 897 9
838 839 7
838 898 9
839 840 9
839 899 8
840 900 6
841 842 5
841 901 1
842 843 9
842 902 4
843 844 2
843 903 5
844 845 3
844 904 8
845 846 2
845 905 3
846 847 4
846 906 8
847 848 4
847 907 1
848 849 8
848 908 5
849 850 4
849 909 6
850 851 2
850 910 9
851 852 7
851 911 7
852 853 5
852 912 5
853 854 4
853 913 1
854 855 2
854 914 4
855 856 6
855 915 2
856 857 9
856 916 1
857 858 9
857 917 6
858 859 2
858 918 1
859 860 1
859 919 4
860 861 6
860 920 2
861 862 6
861 921 1
862 863 7
862 922 7
863 864 1
863 923 4
864 865 3
864 924 2
865 866 9
865 925 2
866 867 1
866 926 6
867 868 6
867 927 5
868 869 8
868 928 1
869 870 3
869 929 7
870 871 4
870 930 9
871 872 7
871 931 1
872 873 7
872 932 6
873 874 4
873 933 9
874 875 5
874 934 2
875 876 1
875 935 1
876 877 1
876 936 5
877 878 8
877 937 8
878 879 2
878 938 8
879 880 2
879 939 2
880 881 9
880 940 8
881 882 3
881 941 7
882 883 3
882 942 9
883 884 1
883 943 1
884 885 9
884 944 3
885 886 6
885 945 1
886 887 9
886 946 3
887 888 8
887 947 5
888 889 8
888 948 2
889 890 4
889 949 1
890 891 3
890 950 2
891 892 2
891 951 3
892 893 6
892 952 9
893 894 8
893 953 8
894 895 6
894 954 7
895 896 7
895 955 3
896 897 6
896 956 1
897 898 1
897 957 8
898 899 9
898 958 1
899 900 6
899 959 6
900 960 2
901 902 6
901 961 1
902 903 4
902 962 4
903 904 5
903 963 3
904 905 3
904 964 6
905 906 1
905 965 5
906 907 7
906 966 2
907 908 5
907 967 2
908 909 9
908 968 2
909 910 7
909 969 3
910 911 8
910 970 4
911 912 5
911 971 4
912 913 4
912 972 3
913 914 2
913 973 1
914 915 1
914 974 6
915 916 6
915 975 2
916 917 7
916 976 2
917 918 9
917 977 2
918 919 3
918 978 4
919 920 2
919 979 5
920 921 7
920 980 2
921 922 7
921 981 2
922 923 2
922 982 1
923 924 3
923 983 1
924 925 2
924 984 9
925 926 1
925 985 9
926 927 4
926 986 5
927 928 2
927 987 5
928 929 6
928 988 1
929 930 6
929 989 6
930 931 6
930 990 2
931 932 5
931 991 4
932 933 2
932 992 4
933 934 5
933 993 2
934 935 5
934 994 4
935 936 5
935 995 2
936 937 3
936 996 9
937 938 2
937 997 4
938 939 9
938 998 4
939 940 2
939 999 8
940 941 2
940 1000 2
941 942 6
941 1001 3
942 943 5
942 1002 5
943 944 7
943 1003 1
944 945 5
944 1004 1
945 946 4
945 1005 2
946 947 3
946 1006 9
947 948 5
947 1007 2
948 949 3
948 1008 7
949 950 3
949 1009 6
950 951 8
950 1010 7
951 952 7
951 1011 1
952 953 5
952 1012 6
953 954 5
953 1013 2
954 955 8
954 1014 4
955 956 1
955 1015 9
956 957 6
956 1016 4
957 958 9
957 1017 8
958 959 8
958 1018 6
959 960 6
959 1019 1
960 1020 9
961 962 2
961 1021 7
962 963 6
962 1022 4
963 964 8
963 1023 9
964 965 1
964 1024 8
965 966 5
965 1025 6
966 967 4
966 1026 9
967 968 7
967 1027 8
968 969 4
968 1028 9
969 970 9
969 1029 2
970 971 3
970 1030 7
971 972 8
971 1031 6
972 973 1
972 1032 7
973 974 4
973 1033 6
974 975 3
974 1034 7
975 976 7
975 1035 7
976 977 7
976 1036 6
977 978 2
977 1037 3
978 979 1
978 1038 7
979 980 9
979 1039 8
980 981 6
980 1040 2
981 982 5
981 1041 7
982 983 9
982 1042 2
983 984 5
983 1043 3
984 985 8
984 1044 4
985 986 4
985 1045 1
986 987 9
986 1046 9
987 988 5
987 1047 9
988 989 6
988 1048 6
989 990 4
989 1049 6
990 991 4
990 1050 8
991 992 4
991 1051 8
992 993 4
992 1052 3
993 994 8
993 1053 4
994 995 1
994 1054 6
995 996 1
995 1055 4
996 997 7
996 1056 5
997 998 1
997 1057 4
998 999 4
998 1058 3
999 1000 4
999 1059 2
1000 1001 6
1000 1060 5
1001 1002 2
1001 1061 3
1002 1003 4
1002 1062 4
1003 1004 3
1003 1063 9
1004 1005 1
1004 1064 4
1005 1006 6
1005 1065 4
1006 1007 9
1006 1066 7
1007 1008 2
1007 1067 3
1008 1009 9
1008 1068 7
1009 1010 5
1009 1069 7
1010 1011 3
1010 1070 5
1011 1012 1
1011 1071 8
1012 1013 7
1012 1072 8
1013 1014 2
1013 1073 1
1014 1015 1
1014 1074 6
1015 1016 9
1015 1075 5
1016 1017 1
1016 1076 8
1017 1018 7
1017 1077 5
1018 1019 3
1018 1078 7
1019 1020 4
1019 1079 3
1020 1080 9
1021 1022 4
1021 1081 7
1022 1023 4
1022 1082 3
1023 1024 8
1023 1083 4
1024 1025 9
1024 1084 1
1025 1026 8
1025 1085 3
1026 1027 3
1026 1086 9
1027 1028 1
1027 1087 9
1028 1029 5
1028 1088 9
1029 1030 7
1029 1089 4
1030 1031 5
1030 1090 6
1031 1032 8
1031 1091 4
1032 1033 4
1032 1092 3
1033 1034 6
1033 1093 4
1034 1035 8
1034 1094 9
1035 1036 6
1035 1095 6
1036 1037 7
1036 1096 9
1037 1038 2
1037 1097 1
1038 1039 2
1038 1098 9
1039 1040 2
1039 1099 9
1040 1041 9
1040 1100 1
1041 1042 9
1041 1101 2
1042 1043 7
1042 1102 7
1043 1044 8
1043 1103 2
1044 1045 6
1044 1104 5
1045 1046 3
1045 1105 9
1046 1047 8
1046 1106 1
1047 1048 3
1047 1107 9
1048 1049 2
1048 1108 8
1049 1050 4
1049 1109 7
1050 1051 5
1050 1110 9
1051 1052 3
1051 1111 9
1052 1053 7
1052 1112 2
1053 1054 8
1053 1113 6
1054 1055 8
1054 1114 9
1055 1056 5
1055 1115 7
1056 1057 7
1056 1116 4
1057 1058 6
1057 1117 4
1058 1059 1
1058 1118 2
1059 1060 4
1059 1119 5
1060 1061 6
1060 1120 6
1061 1062 4
1061 1121 2
1062 1063 5
1062 1122 4
1063 1064 2
1063 1123 4
1064 1065 9
1064 1124 5
1065 1066 1
1065 1125 2
1066 1067 2
1066 1126 1
1067 1068 2
1067 1127 8
1068 1069 3
1068 1128 9
1069 1070 5
1069 1129 1
1070 1071 6
1070 1130 7
1071 1072 6
1071 1131 4
1072 1073 9
1072 1132 9
1073 1074 5
1073 1133 7
1074 1075 2
1074 1134 8
1075 1076 2
1075 1135 5
1076 1077 3
1076 1136 3
1077 1078 7
1077 1137 7
1078 1079 6
1078 1138 8
1079 1080 1
1079 1139 3
1080 1140 8
1081 1082 5
1081 1141 2
1082 1083 8
1082 1142 4
1083 1084 8
1083 1143 1
1084 1085 3
1084 1144 1
1085 1086 9
1085 1145 6
1086 1087 7
1086 1146 5
1087 1088 9
1087 1147 6
1088 1089 4
1088 1148 5
1089 1090 2
1089 1149 5
1090 1091 1
1090 1150 3
1091 1092 8
1091 1151 3
1092 1093 6
1092 1152 5
1093 1094 7
1093 1153 9
1094 1095 1
1094 1154 5
1095 1096 1
1095 1155 1
1096 1097 3
1096 1156 3
1097 1098 9
1097 1157 2
1098 1099 6
1098 1158 7
1099 1100 9
1099 1159 6
1100 1101 7
1100 1160 6
1101 1102 2
1101 1161 5
1102 1103 1
1102 1162 9
1103 1104 8
1103 1163 3
1104 1105 2
1104 1164 7
1105 1106 5
1105 1165 2
1106 1107 1
1106 1166 3
1107 1108 5
1107 1167 4
1108 1109 5
1108 1168 9
1109 1110 1
1109 1169 5
1110 1111 5
1110 1170 8
1111 1112 5
1111 1171 7
1112 1113 1
1112 1172 3
1113 1114 6
1113 1173 4
1114 1115 9
1114 1174 4
1115 1116 7
1115 1175 7
1116 1117 9
1116 1176 9
1117 1118 9
1117 1177 8
1118 1119 6
1118 1178 5
1119 1120 8
1119 1179 7
1120 1121 3
1120 1180 3
1121 1122 8
1121 1181 1
1122 1123 4
1122 1182 1
1123 1124 2
1123 1183 8
1124 1125 1
1124 1184 2
1125 1126 2
1125 1185 5
1126 1127 8
1126 1186 6
1127 1128 9
1127 1187 8
1128 1129 6
1128 1188 4
1129 1130 1
1129 1189 6
1130 1131 7
1130 1190 7
1131 1132 3
1131 1191 4
1132 1133 4
1132 1192 9
1133 1134 2
1133 1193 9
1134 1135 4
1134 1194 9
1135 1136 6
1135 1195 4
1136 1137 1
1136 1196 3
1137 1138 2
1137 1197 4
1138 1139 1
1138 1198 3
1139 1140 9
1139 1199 1
1140 1200 1
1141 1142 3
1141 1201 1
1142 1143 5
1142 1202 1
1143 1144 6
1143 1203 1
1144 1145 4
1144 1204 6
1145 1146 6
1145 1205 1
1146 1147 4
1146 1206 6
1147 1148 2
1147 1207 7
1148 1149 5
1148 1208 4
1149 1150 5
1149 1209 7
1150 1151 3
1150 1210 8
1151 1152 8
1151 1211 1
1152 1153 1
1152 1212 1
1153 1154 4
1153 1213 2
1154 1155 1
1154 1214 4
1155 1156 9
1155 1215 3
1156 1157 2
1156 1216 3
1157 1158 3
1157 1217 6
1158 1159 1
1158 1218 7
1159 1160 7
1159 1219 4
1160 1161 3
1160 1220 1
1161 1162 2
1161 1221 4
1162 1163 5
1162 1222 3
1163 1164 9
1163 1223 9
1164 1165 6
1164 1224 4
1165 1166 4
1165 1225 7
1166 1167 9
1166 1226 1
1167 1168 7
1167 1227 1
1168 1169 8
1168 1228 9
1169 1170 9
1169 1229 8
1170 1171 1
1170 1230 6
1171 1172 2
1171 1231 2
1172 1173 8
1172 1232 2
1173 1174 6
1173 1233 6
1174 1175 8
1174 1234 1
1175 1176 9
1175 1235 9
1176 1177 1
1176 1236 8
1177 1178 1
1177 1237 5
1178 1179 2
1178 1238 9
1179 1180 3
1179 1239 5
1180 1181 1
1180 1240 4
1181 1182 9
1181 1241 1
1182 1183 2
1182 1242 5
1183 1184 8
1183 1243 9
1184 1185 4
1184 1244 7
1185 1186 8
1185 1245 2
1186 1187 3
1186 1246 7
1187 1188 3
1187 1247 9
1188 1189 8
1188 1248 6
1189 1190 5
1189 1249 5
1190 1191 6
1190 1250 3
1191 1192 2
1191 1251 5
1192 1193 1
1192 1252 2
1193 1194 9
1193 1253 9
1194 1195 9
1194 1254 9
1195 1196 5
1195 1255 9
1196 1197 2
1196 1256 2
1197 1198 9
1197 1257 3
1198 1199 6
1198 1258 5
1199 1200 3
1199 1259 9
1200 1260 1
1201 1202 8
1201 1261 3
1202 1203 7
1202 1262 2
1203 1204 9
1203 1263 3
1204 1205 5
1204 1264 2
1205 1206 5
1205 1265 2
1206 1207 4
1206 1266 6
1207 1208 6
1207 1267 3
1208 1209 6
1208 1268 3
1209 1210 2
1209 1269 5
1210 1211 3
1210 1270 6
1211 1212 4
1211 1271 2
1212 1213 8
1212 1272 2
1213 1214 4
1213 1273 2
1214 1215 6
1214 1274 6
1215 1216 9
1215 1275 6
1216 1217 4
1216 1276 7
1217 1218 6
1217 1277 8
1218 1219 8
1218 1278 5
1219 1220 9
1219 1279 4
1220 1221 6
1220 1280 4
1221 1222 3
1221 1281 8
1222 1223 8
1222 1282 8
1223 1224 1
1223 1283 4
1224 1225 8
1224 1284 2
1225 1226 8
1225 1285 1
1226 1227 6
1226 1286 2
1227 1228 9
1227 1287 2
1228 1229 1
1228 1288 4
1229 1230 3
1229 1289 7
1230 1231 9
1230 1290 2
1231 1232 1
1231 1291 2
1232 1233 9
1232 1292 6
1233 1234 9
1233 1293 5
1234 1235 8
1234 1294 6
1235 1236 6
1235 1295 4
1236 1237 1
1236 1296 8
1237 1238 9
1237 1297 8
1238 1239 4
1238 1298 9
1239 1240 2
1239 1299 3
1240 1241 9
1240 1300 7
1241 1242 1
1241 1301 5
1242 1243 8
1242 1302 1
1243 1244 6
1243 1303 7
1244 1245 4
1244 1304 8
1245 1246 2
1245 1305 1
1246 1247 1
1246 1306 2
1247 1248 2
1247 1307 7
1248 1249 5
1248 1308 9
1249 1250 2
1249 1309 3
1250 1251 5
1250 1310 8
1251 1252 4
1251 1311 3
1252 1253 4
1252 1312 4
1253 1254 8
1253 1313 8
1254 1255 1
1254 1314 9
1255 1256 1
1255 1315 9
1256 1257 4
1256 1316 8
1257 1258 2
1257 1317 3
1258 1259 8
1258 1318 7
1259 1260 7
1259 1319 9
1260 1320 8
1261 1262 1
1261 1321 2
1262 1263 7
1262 1322 9
1263 1264 8
1263 1323 2
1264 1265 6
1264 1324 9
1265 1266 2
1265 1325 9
1266 1267 5
1266 1326 5
1267 1268 2
1267 1327 9
1268 1269 6
1268 1328 1
1269 1270 5
1269 1329 5
1270 1271 7
1270 1330 5
1271 1272 4
1271 1331 2
1272 1273 1
1272 1332 6
1273 1274 2
1273 1333 7
1274 1275 1
1274 1334 8
1275 1276 6
1275 1335 4
1276 1277 4
1276 1336 4
1277 1278 5
1277 1337 1
1278 1279 2
1278 1338 1
1279 1280 9
1279 1339 7
1280 1281 8
1280 1340 1
1281 1282 4
1281 1341 3
1282 1283 5
1282 1342 6
1283 1284 9
1283 1343 9
1284 1285 4
1284 1344 4
1285 1286 4
1285 1345 1
1286 1287 6
1286 1346 5
1287 1288 2
1287 1347 5
1288 1289 1
1288 1348 1
1289 1290 2
1289 1349 9
1290 1291 6
1290 1350 7
1291 1292 3
1291 1351 9
1292 1293 9
1292 1352 6
1293 1294 9
1293 1353 1
1294 1295 4
1294 1354 8
1295 1296 5
1295 1355 2
1296 1297 8
1296 1356 7
1297 1298 3
1297 1357 2
1298 1299 3
1298 1358 9
1299 1300 8
1299 1359 6
1300 1301 4
1300 1360 2
1301 1302 4
1301 1361 7
1302 1303 6
1302 1362 4
1303 1304 2
1303 1363 5
1304 1305 4
1304 1364 3
1305 1306 4
1305 1365 1
1306 1307 8
1306 1366 4
1307 1308 7
1307 1367 5
1308 1309 7
1308 1368 7
1309 1310 3
1309 1369 2
1310 1311 3
1310 1370 5
1311 1312 3
1311 1371 9
1312 1313 2
1312 1372 3
1313 1314 8
1313 1373 2
1314 1315 3
1314 1374 6
1315 1316 5
1315 1375 4
1316 1317 5
1316 1376 9
1317 1318 8
1317 1377 8
1318 1319 3
1318 1378 8
1319 1320 3
1319 1379 4
1320 1380 4
1321 1322 2
1321 1381 4
1322 1323 8
1322 1382 9
1323 1324 8
1323 1383 5
1324 1325 4
1324 1384 1
1325 1326 4
1325 1385 4
1326 1327 6
1326 1386 5
1327 1328 3
1327 1387 5
1328 1329 7
1328 1388 8
1329 1330 7
1329 1389 7
1330 1331 2
1330 1390 2
1331 1332 8
1331 1391 6
1332 1333 1
1332 1392 7
1333 1334 5
1333 1393 1
1334 1335 3
1334 1394 5
1335 1336 3
1335 1395 1
1336 1337 9
1336 1396 4
1337 1338 5
1337 1397 5
1338 1339 1
1338 1398 3
1339 1340 7
1339 1399 4
1340 1341 2
1340 1400 2
1341 1342 6
1341 1401 5
1342 1343 4
1342 1402 8
1343 1344 9
1343 1403 8
1344 1345 5
1344 1404 4
1345 1346 6
1345 1405 6
1346 1347 6
1346 1406 2
1347 1348 1
1347 1407 4
1348 1349 6
1348 1408 3
1349 1350 5
1349 1409 8
1350 1351 7
1350 1410 5
1351 1352 9
1351 1411 4
1352 1353 8
1352 1412 4
1353 1354 8
1353 1413 9
1354 1355 4
1354 1414 4
1355 1356 1
1355 1415 3
1356 1357 3
1356 1416 6
1357 1358 7
1357 1417 6
1358 1359 3
1358 1418 5
1359 1360 4
1359 1419 5
1360 1361 8
1360 1420 7
1361 1362 1
1361 1421 4
1362 1363 9
1362 1422 8
1363 1364 6
1363 1423 5
1364 1365 1
1364 1424 1
1365 1366 4
1365 1425 8
1366 1367 5
1366 1426 1
1367 1368 9
1367 1427 1
1368 1369 2
1368 1428 8
1369 1370 7
1369 1429 5
1370 1371 9
1370 1430 6
1371 1372 6
1371 1431 9
1372 1373 2
1372 1432 3
1373 1374 5
1373 1433 2
1374 1375 5
1374 1434 6
1375 1376 6
1375 1435 4
1376 1377 2
1376 1436 5
1377 1378 5
1377 1437 1
1378 1379 3
1378 1438 1
1379 1380 3
1379 1439 2
1380 1440 4
1381 1382 9
1381 1441 1
1382 1383 4
1382 1442 8
1383 1384 9
1383 1443 3
1384 1385 4
1384 1444 6
1385 1386 8
1385 1445 1
1386 1387 9
1386 1446 4
1387 1388 9
1387 1447 9
1388 1389 4
1388 1448 2
1389 1390 1
1389 1449 9
1390 1391 6
1390 1450 5
1391 1392 1
1391 1451 7
1392 1393 7
1392 1452 3
1393 1394 5
1393 1453 7
1394 1395 4
1394 1454 7
1395 1396 8
1395 1455 9
1396 1397 9
1396 1456 5
1397 1398 8
1397 1457 1
1398 1399 2
1398 1458 7
1399 1400 4
1399 1459 3
1400 1401 1
1400 1460 9
1401 1402 4
1401 1461 1
1402 1403 1
1402 1462 1
1403 1404 9
1403 1463 4
1404 1405 3
1404 1464 7
1405 1406 1
1405 1465 8
1406 1407 2
1406 1466 8
1407 1408 5
1407 1467 6
1408 1409 2
1408 1468 7
1409 1410 4
1409 1469 3
1410 1411 2
1410 1470 9
1411 1412 9
1411 1471 1
1412 1413 5
1412 1472 7
1413 1414 9
1413 1473 4
1414 1415 4
1414 1474 3
1415 1416 6
1415 1475 3
1416 1417 2
1416 1476 7
1417 1418 3
1417 1477 2
1418 1419 8
1418 1478 9
1419 1420 3
1419 1479 8
1420 1421 6
1420 1480 2
1421 1422 6
1421 1481 6
1422 1423 9
1422 1482 8
1423 1424 2
1423 1483 8
1424 1425 3
1424 1484 3
1425 1426 1
1425 1485 4
1426 1427 3
1426 1486 1
1427 1428 5
1427 1487 7
1428 1429 5
1428 1488 4
1429 1430 8
1429 1489 7
1430 1431 4
1430 1490 4
1431 1432 9
1431 1491 5
1432 1433 2
1432 1492 2
1433 1434 4
1433 1493 7
1434 1435 8
1434 1494 4
1435 1436 5
1435 1495 4
1436 1437 3
1436 1496 8
1437 1438 9
1437 1497 1
1438 1439 4
1438 1498 2
1439 1440 8
1439 1499 6
1440 1500 7
1441 1442 9
1441 1501 4
1442 1443 5
1442 1502 2
1443 1444 8
1443 1503 9
1444 1445 3
1444 1504 6
1445 1446 6
1445 1505 6
1446 1447 1
1446 1506 3
1447 1448 8
1447 1507 9
1448 1449 2
1448 1508 9
1449 1450 6
1449 1509 9
1450 1451 2
1450 1510 1
1451 1452 4
1451 1511 4
1452 1453 8
1452 1512 1
1453 1454 4
1453 1513 2
1454 1455 2
1454 1514 3
1455 1456 5
1455 1515 4
1456 1457 7
1456 1516 4
1457 1458 5
1457 1517 2
1458 1459 4
1458 1518 4
1459 1460 8
1459 1519 6
1460 1461 9
1460 1520 3
1461 1462 1
1461 1521 7
1462 1463 3
1462 1522 8
1463 1464 6
1463 1523 5
1464 1465 6
1464 1524 2
1465 1466 4
1465 1525 7
1466 1467 9
1466 1526 5
1467 1468 1
1467 1527 5
1468 1469 6
1468 1528 3
1469 1470 4
1469 1529 5
1470 1471 3
1470 1530 8
1471 1472 6
1471 1531 9
1472 1473 1
1472 1532 2
1473 1474 8
1473 1533 4
1474 1475 5
1474 1534 4
1475 1476 9
1475 1535 4
1476 1477 4
1476 1536 9
1477 1478 9
1477 1537 7
1478 1479 6
1478 1538 5
1479 1480 2
1479 1539 2
1480 1481 5
1480 1540 3
1481 1482 6
1481 1541 4
1482 1483 8
1482 1542 6
1483 1484 9
1483 1543 2
1484 1485 6
1484 1544 3
1485 1486 6
1485 1545 8
1486 1487 9
1486 1546 1
1487 1488 7
1487 1547 9
1488 1489 2
1488 1548 3
1489 1490 3
1489 1549 4
1490 1491 7
1490 1550 9
1491 1492 5
1491 1551 1
1492 1493 9
1492 1552 4
1493 1494 5
1493 1553 3
1494 1495 9
1494 1554 6
1495 1496 2
1495 1555 4
1496 1497 7
1496 1556 7
1497 1498 5
1497 1557 3
1498 1499 1
1498 1558 4
1499 1500 4
1499 1559 7
1500 1560 7
1501 1502 5
1501 1561 4
1502 1503 7
1502 1562 1
1503 1504 1
1503 1563 6
1504 1505 3
1504 1564 3
1505 1506 9
1505 1565 7
1506 1507 2
1506 1566 5
1507 1508 6
1507 1567 8
1508 1509 6
1508 1568 1
1509 1510 8
1509 1569 5
1510 1511 5
1510 1570 9
1511 1512 6
1511 1571 2
1512 1513 4
1512 1572 2
1513 1514 4
1513 1573 3
1514 1515 3
1514 1574 5
1515 1516 9
1515 1575 5
1516 1517 9
1516 1576 2
1517 1518 6
1517 1577 5
1518 1519 9
1518 1578 6
1519 1520 1
1519 1579 1
1520 1521 6
1520 1580 8
1521 1522 5
1521 1581 8
1522 1523 1
1522 1582 1
1523 1524 4
1523 1583 6
1524 1525 9
1524 1584 3
1525 1526 9
1525 1585 4
1526 1527 9
1526 1586 5
1527 1528 3
1527 1587 4
1528 1529 4
1528 1588 4
1529 1530 6
1529 1589 5
1530 1531 6
1530 1590 3
1531 1532 7
1531 1591 5
1532 1533 2
1532 1592 4
1533 1534 9
1533 1593 2
1534 1535 9
1534 1594 8
1535 1536 2
1535 1595 6
1536 1537 6
1536 1596 4
1537 1538 2
1537 1597 6
1538 1539 5
1538 1598 3
1539 1540 2
1539 1599 2
1540 1541 5
1540 1600 1
1541 1542 5
1541 1601 3
1542 1543 4
1542 1602 5
1543 1544 6
1543 1603 5
1544 1545 6
1544 1604 9
1545 1546 9
1545 1605 2
1546 1547 9
1546 1606 7
1547 1548 6
1547 1607 1
1548 1549 8
1548 1608 6
1549 1550 2
1549 1609 7
1550 1551 4
1550 1610 1
1551 1552 1
1551 1611 7
1552 1553 3
1552 1612 9
1553 1554 3
1553 1613 7
1554 1555 3
1554 1614 2
1555 1556 8
1555 1615 5
1556 1557 1
1556 1616 1
1557 1558 7
1557 1617 4
1558 1559 3
1558 1618 1
1559 1560 6
1559 1619 8
1560 1620 6
1561 1562 9
1561 1621 6
1562 1563 1
1562 1622 5
1563 1564 7
1563 1623 8
1564 1565 8
1564 1624 6
1565 1566 3
1565 1625 9
1566 1567 5
1566 1626 2
1567 1568 6
1567 1627 7
1568 1569 8
1568 1628 6
1569 1570 2
1569 1629 1
1570 1571 6
1570 1630 7
1571 1572 4
1571 1631 6
1572 1573 5
1572 1632 1
1573 1574 7
1573 1633 7
1574 1575 9
1574 1634 3
1575 1576 5
1575 1635 6
1576 1577 6
1576 1636 4
1577 1578 1
1577 1637 6
1578 1579 6
1578 1638 7
1579 1580 2
1579 1639 3
1580 1581 1
1580 1640 5
1581 1582 9
1581 1641 3
1582 1583 4
1582 1642 4
1583 1584 7
1583 1643 2
1584 1585 9
1584 1644 8
1585 1586 3
1585 1645 5
1586 1587 3
1586 1646 4
1587 1588 8
1587 1647 7
1588 1589 2
1588 1648 5
1589 1590 4
1589 1649 1
1590 1591 6
1590 1650 6
1591 1592 5
1591 1651 2
1592 1593 7
1592 1652 5
1593 1594 6
1593 1653 4
1594 1595 9
1594 1654 7
1595 1596 4
1595 1655 7
1596 1597 9
1596 1656 3
1597 1598 1
1597 1657 3
1598 1599 6
1598 1658 7
1599 1600 5
1599 1659 4
1600 1601 4
1600 1660 5
1601 1602 6
1601 1661 6
1602 1603 8
1602 1662 5
1603 1604 2
1603 1663 7
1604 1605 7
1604 1664 5
1605 1606 8
1605 1665 3
1606 1607 2
1606 1666 1
1607 1608 5
1607 1667 6
1608 1609 3
1608 1668 1
1609 1610 9
1609 1669 9
1610 1611 5
1610 1670 1
1611 1612 6
1611 1671 5
1612 1613 2
1612 1672 4
1613 1614 7
1613 1673 5
1614 1615 9
1614 1674 9
1615 1616 6
1615 1675 1
1616 1617 2
1616 1676 3
1617 1618 6
1617 1677 7
1618 1619 5
1618 1678 5
1619 1620 5
1619 1679 2
1620 1680 1
1621 1622 5
1621 1681 9
1622 1623 1
1622 1682 7
1623 1624 5
1623 1683 3
1624 1625 7
1624 1684 3
1625 1626 9
1625 1685 2
1626 1627 1
1626 1686 5
1627 1628 6
1627 1687 2
1628 1629 9
1628 1688 2
1629 1630 5
1629 1689 6
1630 1631 8
1630 1690 1
1631 1632 6
1631 1691 1
1632 1633 3
1632 1692 9
1633 1634 7
1633 1693 7
1634 1635 5
1634 1694 2
1635 1636 7
1635 1695 3
1636 1637 2
1636 1696 2
1637 1638 9
1637 1697 9
1638 1639 8
1638 1698 4
1639 1640 9
1639 1699 3
1640 1641 4
1640 1700 8
1641 1642 2
1641 1701 3
1642 1643 4
1642 1702 6
1643 1644 4
1643 1703 1
1644 1645 7
1644 1704 8
1645 1646 6
1645 1705 5
1646 1647 9
1646 1706 2
1647 1648 5
1647 1707 9
1648 1649 1
1648 1708 1
1649 1650 5
1649 1709 5
1650 1651 2
1650 1710 2
1651 1652 7
1651 1711 4
1652 1653 3
1652 1712 6
1653 1654 1
1653 1713 8
1654 1655 8
1654 1714 1
1655 1656 1
1655 1715 9
1656 1657 8
1656 1716 9
1657 1658 2
1657 1717 2
1658 1659 5
1658 1718 4
1659 1660 9
1659 1719 2
1660 1661 9
1660 1720 5
1661 1662 5
1661 1721 6
1662 1663 6
1662 1722 7
1663 1664 6
1663 1723 5
1664 1665 7
1664 1724 1
1665 1666 7
1665 1725 9
1666 1667 9
1666 1726 3
1667 1668 1
1667 1727 9
1668 1669 8
1668 1728 1
1669 1670 7
1669 1729 4
1670 1671 8
1670 1730 5
1671 1672 2
1671 1731 7
1672 1673 4
1672 1732 1
1673 1674 8
1673 1733 9
1674 1675 4
1674 1734 6
1675 1676 8
1675 1735 2
1676 1677 1
1676 1736 1
1677 1678 7
1677 1737 5
1678 1679 8
1678 1738 1
1679 1680 9
1679 1739 3
1680 1740 6
1681 1682 2
1681 1741 7
1682 1683 8
1682 1742 9
1683 1684 6
1683 1743 5
1684 1685 8
1684 1744 1
1685 1686 6
1685 1745 6
1686 1687 5
1686 1746 5
1687 1688 1
1687 1747 7
1688 1689 6
1688 1748 7
1689 1690 4
1689 1749 7
1690 1691 3
1690 1750 9
1691 1692 8
1691 1751 3
1692 1693 1
1692 1752 4
1693 1694 7
1693 1753 8
1694 1695 2
1694 1754 4
1695 1696 8
1695 1755 1
1696 1697 8
1696 1756 8
1697 1698 5
1697 1757 4
1698 1699 7
1698 1758 2
1699 1700 6
1699 1759 3
1700 1701 9
1700 1760 3
1701 1702 7
1701 1761 3
1702 1703 5
1702 1762 7
1703 1704 9
1703 1763 1
1704 1705 4
1704 1764 1
1705 1706 8
1705 1765 6
1706 1707 9
1706 1766 4
1707 1708 7
1707 1767 7
1708 1709 5
1708 1768 2
1709 1710 3
1709 1769 7
1710 1711 6
1710 1770 2
1711 1712 7
1711 1771 2
1712 1713 9
1712 1772 2
1713 1714 5
1713 1773 6
1714 1715 1
1714 1774 9
1715 1716 7
1715 1775 1
1716 1717 9
1716 1776 2
1717 1718 3
1717 1777 4
1718 1719 8
1718 1778 9
1719 1720 5
1719 1779 1
1720 1721 7
1720 1780 1
1721 1722 4
1721 1781 6
1722 1723 2
1722 1782 1
1723 1724 4
1723 1783 7
1724 1725 3
1724 1784 6
1725 1726 4
1725 1785 6
1726 1727 7
1726 1786 8
1727 1728 5
1727 1787 4
1728 1729 7
1728 1788 7
1729 1730 8
1729 1789 8
1730 1731 6
1730 1790 5
1731 1732 6
1731 1791 5
1732 1733 6
1732 1792 6
1733 1734 9
1733 1793 2
1734 1735 3
1734 1794 2
1735 1736 9
1735 1795 9
1736 1737 9
1736 1796 4
1737 1738 5
1737 1797 1
1738 1739 2
1738 1798 6
1739 1740 5
1739 1799 2
1740 1800 8
1741 1742 5
1741 1801 5
1742 1743 4
1742 1802 9
1743 1744 9
1743 1803 2
1744 1745 7
1744 1804 7
1745 1746 7
1745 1805 3
1746 1747 9
1746 1806 3
1747 1748 6
1747 1807 3
1748 1749 6
1748 1808 3
1749 1750 2
1749 1809 8
1750 1751 4
1750 1810 2
1751 1752 7
1751 1811 3
1752 1753 3
1752 1812 9
1753 1754 1
1753 1813 2
1754 1755 4
1754 1814 6
1755 1756 4
1755 1815 2
1756 1757 2
1756 1816 6
1757 1758 6
1757 1817 4
1758 1759 6
1758 1818 3
1759 1760 5
1759 1819 1
1760 1761 7
1760 1820 9
1761 1762 1
1761 1821 4
1762 1763 9
1762 1822 6
1763 1764 6
1763 1823 5
1764 1765 8
1764 1824 6
1765 1766 3
1765 1825 9
1766 1767 5
1766 1826 7
1767 1768 9
1767 1827 5
1768 1769 6
1768 1828 1
1769 1770 6
1769 1829 7
1770 1771 4
1770 1830 7
1771 1772 8
1771 1831 3
1772 1773 4
1772 1832 3
1773 1774 6
1773 1833 7
1774 1775 3
1774 1834 8
1775 1776 7
1775 1835 1
1776 1777 7
1776 1836 7
1777 1778 4
1777 1837 6
1778 1779 2
1778 1838 8
1779 1780 8
1779 1839 9
1780 1781 4
1780 1840 1
1781 1782 9
1781 1841 6
1782 1783 5
1782 1842 8
1783 1784 1
1783 1843 9
1784 1785 6
1784 1844 6
1785 1786 6
1785 1845 9
1786 1787 2
1786 1846 5
1787 1788 1
1787 1847 5
1788 1789 5
1788 1848 4
1789 1790 9
1789 1849 7
1790 1791 3
1790 1850 4
1791 1792 7
1791 1851 7
1792 1793 1
1792 1852 9
1793 1794 2
1793 1853 2
1794 1795 5
1794 1854 9
1795 1796 9
1795 1855 6
1796 1797 8
1796 1856 8
1797 1798 2
1797 1857 3
1798 1799 4
1798 1858 2
1799 1800 2
1799 1859 1
1800 1860 6
1801 1802 7
1801 1861 6
1802 1803 1
1802 1862 7
1803 1804 8
1803 1863 3
1804 1805 2
1804 1864 7
1805 1806 9
1805 1865 2
1806 1807 1
1806 1866 5
1807 1808 8
1807 1867 9
1808 1809 2
1808 1868 9
1809 1810 8
1809 1869 6
1810 1811 9
1810 1870 5
1811 1812 9
1811 1871 5
1812 1813 1
1812 1872 1
1813 1814 7
1813 1873 5
1814 1815 9
1814 1874 7
1815 1816 3
1815 1875 4
1816 1817 3
1816 1876 9
1817 1818 8
1817 1877 3
1818 1819 5
1818 1878 6
1819 1820 3
1819 1879 4
1820 1821 2
1820 1880 2
1821 1822 5
1821 1881 9
1822 1823 4
1822 1882 1
1823 1824 6
1823 1883 5
1824 1825 8
1824 1884 3
1825 1826 8
1825 1885 5
1826 1827 7
1826 1886 7
1827 1828 9
1827 1887 8
1828 1829 5
1828 1888 6
1829 1830 3
1829 1889 4
1830 1831 3
1830 1890 5
1831 1832 6
1831 1891 5
1832 1833 2
1832 1892 4
1833 1834 5
1833 1893 6
1834 1835 7
1834 1894 7
1835 1836 7
1835 1895 8
1836 1837 7
1836 1896 2
1837 1838 6
1837 1897 1
1838 1839 1
1838 1898 2
1839 1840 4
1839 1899 8
1840 1841 4
1840 1900 2
1841 1842 3
1841 1901 2
1842 1843 7
1842 1902 2
1843 1844 7
1843 1903 2
1844 1845 5
1844 1904 9
1845 1846 4
1845 1905 8
1846 1847 2
1846 1906 9
1847 1848 1
1847 1907 3
1848 1849 1
1848 1908 4
1849 1850 7
1849 1909 7
1850 1851 8
1850 1910 4
1851 1852 4
1851 1911 5
1852 1853 4
1852 1912 9
1853 1854 4
1853 1913 4
1854 1855 8
1854 1914 7
1855 1856 9
1855 1915 1
1856 1857 6
1856 1916 2
1857 1858 9
1857 1917 3
1858 1859 3
1858 1918 6
1859 1860 5
1859 1919 5
1860 1920 6
1861 1862 1
1861 1921 4
1862 1863 5
1862 1922 2
1863 1864 4
1863 1923 5
1864 1865 3
1864 1924 8
1865 1866 9
1865 1925 1
1866 1867 3
1866 1926 3
1867 1868 4
1867 1927 4
1868 1869 9
1868 1928 7
1869 1870 5
1869 1929 6
1870 1871 2
1870 1930 4
1871 1872 6
1871 1931 7
1872 1873 5
1872 1932 3
1873 1874 8
1873 1933 5
1874 1875 6
1874 1934 1
1875 1876 9
1875 1935 8
1876 1877 6
1876 1936 8
1877 1878 9
1877 1937 1
1878 1879 7
1878 1938 3
1879 1880 3
1879 1939 9
1880 1881 2
1880 1940 9
1881 1882 7
1881 1941 2
1882 1883 3
1882 1942 1
1883 1884 3
1883 1943 9
1884 1885 5
1884 1944 7
1885 1886 5
1885 1945 6
1886 1887 1
1886 1946 8
1887 1888 2
1887 1947 3
1888 1889 1
1888 1948 9
1889 1890 7
1889 1949 6
1890 1891 9
1890 1950 4
1891 1892 2
1891 1951 5
1892 1893 9
1892 1952 1
1893 1894 3
1893 1953 6
1894 1895 4
1894 1954 3
1895 1896 5
1895 1955 3
1896 1897 2
1896 1956 3
1897 1898 2
1897 1957 2
1898 1899 1
1898 1958 4
1899 1900 2
1899 1959 6
1900 1901 1
1900 1960 6
1901 1902 9
1901 1961 8
1902 1903 3
1902 1962 1
1903 1904 1
1903 1963 1
1904 1905 7
1904 1964 5
1905 1906 5
1905 1965 6
1906 1907 6
1906 1966 6
1907 1908 8
1907 1967 6
1908 1909 5
1908 1968 8
1909 1910 2
1909 1969 6
1910 1911 8
1910 1970 5
1911 1912 8
1911 1971 8
1912 1913 5
1912 1972 9
1913 1914 9
1913 1973 5
1914 1915 1
1914 1974 1
1915 1916 8
1915 1975 1
1916 1917 5
1916 1976 8
1917 1918 8
1917 1977 5
1918 1919 6
1918 1978 6
1919 1920 5
1919 1979 4
1920 1980 9
1921 1922 7
1921 1981 4
1922 1923 4
1922 1982 4
1923 1924 9
1923 1983 8
1924 1925 9
1924 1984 2
1925 1926 4
1925 1985 8
1926 1927 6
1926 1986 9
1927 1928 6
1927 1987 1
1928 1929 6
1928 1988 5
1929 1930 3
1929 1989 6
1930 1931 4
1930 1990 2
1931 1932 4
1931 1991 6
1932 1933 7
1932 1992 9
1933 1934 1
1933 1993 3
1934 1935 5
1934 1994 3
1935 1936 4
1935 1995 3
1936 1937 3
1936 1996 9
1937 1938 6
1937 1997 4
1938 1939 3
1938 1998 6
1939 1940 2
1939 1999 2
1940 1941 5
1940 2000 3
1941 1942 7
1941 2001 8
1942 1943 2
1942 2002 3
1943 1944 6
1943 2003 7
1944 1945 6
1944 2004 8
1945 1946 1
1945 2005 7
1946 1947 7
1946 2006 4
1947 1948 1
1947 2007 4
1948 1949 3
1948 2008 1
1949 1950 5
1949 2009 7
1950 1951 1
1950 2010 8
1951 1952 9
1951 2011 3
1952 1953 7
1952 2012 3
1953 1954 4
1953 2013 7
1954 1955 8
1954 2014 5
1955 1956 9
1955 2015 3
1956 1957 5
1956 2016 4
1957 1958 8
1957 2017 6
1958 1959 7
1958 2018 4
1959 1960 1
1959 2019 1
1960 1961 3
1960 2020 1
1961 1962 5
1961 2021 7
1962 1963 4
1962 2022 5
1963 1964 2
1963 2023 6
1964 1965 3
1964 2024 6
1965 1966 1
1965 2025 3
1966 1967 2
1966 2026 7
1967 1968 4
1967 2027 9
1968 1969 1
1968 2028 7
1969 1970 6
1969 2029 8
1970 1971 1
1970 2030 3
1971 1972 9
1971 2031 5
1972 1973 7
1972 2032 7
1973 1974 9
1973 2033 2
1974 1975 9
1974 2034 9
1975 1976 9
1975 2035 9
1976 1977 1
1976 2036 4
1977 1978 6
1977 2037 2
1978 1979 8
1978 2038 7
1979 1980 8
1979 2039 1
1980 2040 6
1981 1982 1
1981 2041 3
1982 1983 4
1982 2042 4
1983 1984 9
1983 2043 4
1984 1985 9
1984 2044 3
1985 1986 9
1985 2045 9
1986 1987 6
1986 2046 6
1987 1988 2
1987 2047 1
1988 1989 4
1988 2048 1
1989 1990 2
1989 2049 1
1990 1991 1
1990 2050 1
1991 1992 9
1991 2051 8
1992 1993 2
1992 2052 5
1993 1994 9
1993 2053 9
1994 1995 1
1994 2054 5
1995 1996 7
1995 2055 1
1996 1997 2
1996 2056 7
1997 1998 1
1997 2057 3
1998 1999 9
1998 2058 7
1999 2000 6
1999 2059 8
2000 2001 1
2000 2060 5
2001 2002 5
2001 2061 4
2002 2003 9
2002 2062 6
2003 2004 4
2003 2063 3
2004 2005 7
2004 2064 3
2005 2006 3
2005 2065 5
2006 2007 3
2006 2066 9
2007 2008 1
2007 2067 4
2008 2009 4
2008 2068 7
2009 2010 1
2009 2069 4
2010 2011 3
2010 2070 5
2011 2012 3
2011 2071 2
2012 2013 2
2012 2072 1
2013 2014 4
2013 2073 8
2014 2015 8
2014 2074 7
2015 2016 6
2015 2075 6
2016 2017 9
2016 2076 8
2017 2018 9
2017 2077 8
2018 2019 5
2018 2078 1
2019 2020 8
2019 2079 9
2020 2021 3
2020 2080 8
2021 2022 4
2021 2081 3
2022 2023 7
2022 2082 2
2023 2024 6
2023 2083 2
2024 2025 8
2024 2084 4
2025 2026 3
2025 2085 8
2026 2027 8
2026 2086 3
2027 2028 7
2027 2087 7
2028 2029 4
2028 2088 1
2029 2030 6
2029 2089 9
2030 2031 5
2030 2090 9
2031 2032 5
2031 2091 5
2032 2033 6
2032 2092 2
2033 2034 1
2033 2093 1
2034 2035 2
2034 2094 9
2035 2036 9
2035 2095 4
2036 2037 5
2036 2096 1
2037 2038 6
2037 2097 3
2038 2039 9
2038 2098 9
2039 2040 2
2039 2099 7
2040 2100 4
2041 2042 6
2041 2101 8
2042 2043 5
2042 2102 3
2043 2044 3
2043 2103 8
2044 2045 2
2044 2104 6
2045 2046 5
2045 2105 4
2046 2047 6
2046 2106 9
2047 2048 8
2047 2107 2
2048 2049 8
2048 2108 7
2049 2050 9
2049 2109 9
2050 2051 4
2050 2110 6
2051 2052 1
2051 2111 8
2052 2053 4
2052 2112 4
2053 2054 1
2053 2113 3
2054 2055 3
2054 2114 9
2055 2056 9
2055 2115 1
2056 2057 2
2056 2116 3
2057 2058 8
2057 2117 6
2058 2059 4
2058 2118 8
2059 2060 4
2059 2119 5
2060 2061 5
2060 2120 8
2061 2062 8
2061 2121 1
2062 2063 5
2062 2122 5
2063 2064 9
2063 2123 3
2064 2065 9
2064 2124 6
2065 2066 9
2065 2125 3
2066 2067 2
2066 2126 9
2067 2068 1
2067 2127 3
2068 2069 3
2068 2128 9
2069 2070 5
2069 2129 3
2070 2071 8
2070 2130 2
2071 2072 3
2071 2131 9
2072 2073 5
2072 2132 8
2073 2074 5
2073 2133 8
2074 2075 6
2074 2134 6
2075 2076 1
2075 2135 1
2076 2077 2
2076 2136 6
2077 2078 8
2077 2137 6
2078 2079 8
2078 2138 5
2079 2080 6
2079 2139 7
2080 2081 1
2080 2140 5
2081 2082 9
2081 2141 9
2082 2083 2
2082 2142 8
2083 2084 2
2083 2143 4
2084 2085 7
2084 2144 4
2085 2086 4
2085 2145 5
2086 2087 6
2086 2146 4
2087 2088 5
2087 2147 1
2088 2089 2
2088 2148 7
2089 2090 6
2089 2149 6
2090 2091 4
2090 2150 6
2091 2092 4
2091 2151 3
2092 2093 9
2092 2152 3
2093 2094 7
2093 2153 8
2094 2095 5
2094 2154 3
2095 2096 3
2095 2155 4
2096 2097 6
2096 2156 3
2097 2098 1
2097 2157 7
2098 2099 8
2098 2158 3
2099 2100 9
2099 2159 5
2100 2160 3
2101 2102 9
2101 2161 9
2102 2103 7
2102 2162 2
2103 2104 9
2103 2163 6
2104 2105 7
2104 2164 5
2105 2106 9
2105 2165 1
2106 2107 8
2106 2166 4
2107 2108 3
2107 2167 8
2108 2109 4
2108 2168 7
2109 2110 4
2109 2169 6
2110 2111 1
2110 2170 6
2111 2112 9
2111 2171 6
2112 2113 6
2112 2172 1
2113 2114 1
2113 2173 4
2114 2115 1
2114 2174 9
2115 2116 6
2115 2175 4
2116 2117 1
2116 2176 4
2117 2118 4
2117 2177 5
2118 2119 5
2118 2178 1
2119 2120 8
2119 2179 2
2120 2121 4
2120 2180 8
2121 2122 9
2121 2181 2
2122 2123 9
2122 2182 1
2123 2124 7
2123 2183 3
2124 2125 7
2124 2184 8
2125 2126 8
2125 2185 5
2126 2127 3
2126 2186 6
2127 2128 8
2127 2187 6
2128 2129 4
2128 2188 9
2129 2130 8
2129 2189 2
2130 2131 6
2130 2190 4
2131 2132 5
2131 2191 4
2132 2133 7
2132 2192 6
2133 2134 8
2133 2193 1
2134 2135 7
2134 2194 7
2135 2136 9
2135 2195 8
2136 2137 5
2136 2196 7
2137 2138 9
2137 2197 4
2138 2139 5
2138 2198 5
2139 2140 4
2139 2199 9
2140 2141 1
2140 2200 9
2141 2142 5
2141 2201 3
2142 2143 5
2142 2202 1
2143 2144 9
2143 2203 6
2144 2145 7
2144 2204 5
2145 2146 7
2145 2205 4
2146 2147 8
2146 2206 1
2147 2148 7
2147 2207 4
2148 2149 6
2148 2208 4
2149 2150 4
2149 2209 1
2150 2151 1
2150 2210 1
2151 2152 8
2151 2211 3
2152 2153 7
2152 2212 6
2153 2154 4
2153 2213 2
2154 2155 8
2154 2214 7
2155 2156 2
2155 2215 8
2156 2157 6
2156 2216 4
2157 2158 2
2157 2217 9
2158 2159 4
2158 2218 8
2159 2160 5
2159 2219 2
2160 2220 3
2161 2162 3
2161 2221 8
2162 2163 1
2162 2222 7
2163 2164 2
2163 2223 6
2164 2165 1
2164 2224 5
2165 2166 5
2165 2225 8
2166 2167 4
2166 2226 1
2167 2168 1
2167 2227 1
2168 2169 6
2168 2228 4
2169 2170 1
2169 2229 4
2170 2171 8
2170 2230 2
2171 2172 1
2171 2231 3
2172 2173 3
2172 2232 9
2173 2174 2
2173 2233 6
2174 2175 7
2174 2234 4
2175 2176 5
2175 2235 7
2176 2177 4
2176 2236 7
2177 2178 5
2177 2237 4
2178 2179 3
2178 2238 5
2179 2180 8
2179 2239 3
2180 2181 7
2180 2240 3
2181 2182 9
2181 2241 1
2182 2183 3
2182 2242 9
2183 2184 2
2183 2243 7
2184 2185 2
2184 2244 2
2185 2186 1
2185 2245 9
2186 2187 1
2186 2246 8
2187 2188 2
2187 2247 1
2188 2189 7
2188 2248 1
2189 2190 4
2189 2249 2
2190 2191 5
2190 2250 9
2191 2192 8
2191 2251 6
2192 2193 4
2192 2252 2
2193 2194 1
2193 2253 6
2194 2195 6
2194 2254 8
2195 2196 7
2195 2255 3
2196 2197 8
2196 2256 6
2197 2198 4
2197 2257 1
2198 2199 3
2198 2258 3
2199 2200 5
2199 2259 4
2200 2201 2
2200 2260 4
2201 2202 4
2201 2261 9
2202 2203 2
2202 2262 3
2203 2204 9
2203 2263 9
2204 2205 4
2204 2264 3
2205 2206 8
2205 2265 6
2206 2207 9
2206 2266 7
2207 2208 2
2207 2267 4
2208 2209 6
2208 2268 9
2209 2210 7
2209 2269 9
2210 2211 5
2210 2270 4
2211 2212 9
2211 2271 3
2212 2213 7
2212 2272 3
2213 2214 2
2213 2273 1
2214 2215 3
2214 2274 6
2215 2216 4
2215 2275 2
2216 2217 9
2216 2276 5
2217 2218 1
2217 2277 9
2218 2219 6
2218 2278 9
2219 2220 6
2219 2279 9
2220 2280 4
2221 2222 5
2221 2281 9
2222 2223 8
2222 2282 4
2223 2224 3
2223 2283 4
2224 2225 4
2224 2284 1
2225 2226 1
2225 2285 8
2226 2227 2
2226 2286 1
2227 2228 9
2227 2287 9
2228 2229 1
2228 2288 8
2229 2230 7
2229 2289 4
2230 2231 4
2230 2290 1
2231 2232 5
2231 2291 2
2232 2233 4
2232 2292 4
2233 2234 8
2233 2293 9
2234 2235 1
2234 2294 4
2235 2236 6
2235 2295 1
2236 2237 7
2236 2296 8
2237 2238 8
2237 2297 6
2238 2239 2
2238 2298 8
2239 2240 7
2239 2299 3
2240 2241 6
2240 2300 8
2241 2242 9
2241 2301 8
2242 2243 8
2242 2302 8
2243 2244 5
2243 2303 8
2244 2245 6
2244 2304 2
2245 2246 2
2245 2305 7
2246 2247 9
2246 2306 5
2247 2248 6
2247 2307 1
2248 2249 8
2248 2308 4
2249 2250 9
2249 2309 8
2250 2251 7
2250 2310 3
2251 2252 7
2251 2311 3
2252 2253 1
2252 2312 5
2253 2254 8
2253 2313 1
2254 2255 3
2254 2314 5
2255 2256 3
2255 2315 9
2256 2257 3
2256 2316 9
2257 2258 5
2257 2317 8
2258 2259 7
2258 2318 9
2259 2260 7
2259 2319 1
2260 2261 8
2260 2320 6
2261 2262 6
2261 2321 7
2262 2263 1
2262 2322 9
2263 2264 8
2263 2323 6
2264 2265 2
2264 2324 5
2265 2266 3
2265 2325 6
2266 2267 8
2266 2326 9
2267 2268 8
2267 2327 6
2268 2269 4
2268 2328 4
2269 2270 6
2269 2329 4
2270 2271 9
2270 2330 7
2271 2272 3
2271 2331 9
2272 2273 6
2272 2332 5
2273 2274 6
2273 2333 2
2274 2275 4
2274 2334 3
2275 2276 9
2275 2335 9
2276 2277 8
2276 2336 5
2277 2278 7
2277 2337 7
2278 2279 3
2278 2338 3
2279 2280 1
2279 2339 4
2280 2340 3
2281 2282 9
2281 2341 3
2282 2283 2
2282 2342 6
2283 2284 9
2283 2343 3
2284 2285 9
2284 2344 3
2285 2286 7
2285 2345 6
2286 2287 9
2286 2346 7
2287 2288 4
2287 2347 4
2288 2289 3
2288 2348 9
2289 2290 5
2289 2349 4
2290 2291 2
2290 2350 2
2291 2292 4
2291 2351 7
2292 2293 5
2292 2352 8
2293 2294 2
2293 2353 7
2294 2295 1
2294 2354 3
2295 2296 8
2295 2355 5
2296 2297 5
2296 2356 5
2297 2298 8
2297 2357 5
2298 2299 1
2298 2358 7
2299 2300 7
2299 2359 1
2300 2301 7
2300 2360 2
2301 2302 6
2301 2361 7
2302 2303 7
2302 2362 7
2303 2304 8
2303 2363 7
2304 2305 6
2304 2364 1
2305 2306 8
2305 2365 7
2306 2307 2
2306 2366 9
2307 2308 3
2307 2367 6
2308 2309 7
2308 2368 4
2309 2310 1
2309 2369 5
2310 2311 6
2310 2370 8
2311 2312 1
2311 2371 9
2312 2313 4
2312 2372 8
2313 2314 2
2313 2373 4
2314 2315 3
2314 2374 8
2315 2316 2
2315 2375 9
2316 2317 8
2316 2376 6
2317 2318 4
2317 2377 5
2318 2319 3
2318 2378 2
2319 2320 2
2319 2379 9
2320 2321 9
2320 2380 7
2321 2322 4
2321 2381 2
2322 2323 7
2322 2382 6
2323 2324 5
2323 2383 4
2324 2325 8
2324 2384 6
2325 2326 9
2325 2385 2
2326 2327 4
2326 2386 7
2327 2328 1
2327 2387 5
2328 2329 5
2328 2388 2
2329 2330 7
2329 2389 7
2330 2331 8
2330 2390 8
2331 2332 4
2331 2391 4
2332 2333 2
2332 2392 8
2333 2334 8
2333 2393 5
2334 2335 7
2334 2394 7
2335 2336 2
2335 2395 5
2336 2337 4
2336 2396 5
2337 2338 6
2337 2397 1
2338 2339 9
2338 2398 8
2339 2340 3
2339 2399 7
2340 2400 9
2341 2342 8
2341 2401 6
2342 2343 6
2342 2402 7
2343 2344 1
2343 2403 1
2344 2345 6
2344 2404 5
2345 2346 5
2345 2405 2
2346 2347 4
2346 2406 6
2347 2348 5
2347 2407 5
2348 2349 4
2348 2408 1
2349 2350 7
2349 2409 9
2350 2351 7
2350 2410 8
2351 2352 4
2351 2411 9
2352 2353 2
2352 2412 7
2353 2354 7
2353 2413 1
2354 2355 5
2354 2414 9
2355 2356 5
2355 2415 7
2356 2357 6
2356 2416 1
2357 2358 3
2357 2417 2
2358 2359 7
2358 2418 1
2359 2360 9
2359 2419 2
2360 2361 6
2360 2420 4
2361 2362 3
2361 2421 7
2362 2363 1
2362 2422 6
2363 2364 9
2363 2423 2
2364 2365 6
2364 2424 7
2365 2366 8
2365 2425 2
2366 2367 3
2366 2426 9
2367 2368 8
2367 2427 2
2368 2369 6
2368 2428 5
2369 2370 9
2369 2429 9
2370 2371 3
2370 2430 4
2371 2372 6
2371 2431 8
2372 2373 5
2372 2432 8
2373 2374 1
2373 2433 9
2374 2375 6
2374 2434 9
2375 2376 8
2375 2435 2
2376 2377 2
2376 2436 2
2377 2378 8
2377 2437 9
2378 2379 5
2378 2438 8
2379 2380 1
2379 2439 8
2380 2381 3
2380 2440 7
2381 2382 9
2381 2441 5
2382 2383 6
2382 2442 5
2383 2384 5
2383 2443 1
2384 2385 1
2384 2444 4
2385 2386 9
2385 2445 1
2386 2387 8
2386 2446 3
2387 2388 8
2387 2447 1
2388 2389 8
2388 2448 6
2389 2390 9
2389 2449 4
2390 2391 4
2390 2450 6
2391 2392 6
2391 2451 5
2392 2393 7
2392 2452 2
2393 2394 4
2393 2453 9
2394 2395 9
2394 2454 2
2395 2396 7
2395 2455 2
2396 2397 8
2396 2456 7
2397 2398 5
2397 2457 3
2398 2399 2
2398 2458 9
2399 2400 3
2399 2459 9
2400 2460 9
2401 2402 9
2401 2461 8
2402 2403 2
2402 2462 6
2403 2404 8
2403 2463 9
2404 2405 2
2404 2464 6
2405 2406 3
2405 2465 3
2406 2407 2
2406 2466 6
2407 2408 7
2407 2467 6
2408 2409 8
2408 2468 8
2409 2410 5
2409 2469 7
2410 2411 1
2410 2470 2
2411 2412 7
2411 2471 6
2412 2413 6
2412 2472 9
2413 2414 6
2413 2473 6
2414 2415 8
2414 2474 8
2415 2416 3
2415 2475 8
2416 2417 5
2416 2476 1
2417 2418 5
2417 2477 6
2418 2419 6
2418 2478 3
2419 2420 3
2419 2479 5
2420 2421 6
2420 2480 4
2421 2422 8
2421 2481 5
2422 2423 9
2422 2482 3
2423 2424 8
2423 2483 5
2424 2425 9
2424 2484 1
2425 2426 3
2425 2485 7
2426 2427 1
2426 2486 7
2427 2428 3
2427 2487 4
2428 2429 6
2428 2488 9
2429 2430 9
2429 2489 2
2430 2431 5
2430 2490 1
2431 2432 7
2431 2491 1
2432 2433 1
2432 2492 2
2433 2434 4
2433 2493 4
2434 2435 3
2434 2494 5
2435 2436 8
2435 2495 8
2436 2437 8
2436 2496 4
2437 2438 2
2437 2497 5
2438 2439 5
2438 2498 7
2439 2440 1
2439 2499 4
2440 2441 8
2440 2500 1
2441 2442 1
2441 2501 8
2442 2443 5
2442 2502 1
2443 2444 2
2443 2503 1
2444 2445 7
2444 2504 9
2445 2446 9
2445 2505 3
2446 2447 9
2446 2506 6
2447 2448 1
2447 2507 7
2448 2449 8
2448 2508 2
2449 2450 1
2449 2509 1
2450 2451 6
2450 2510 6
2451 2452 6
2451 2511 2
2452 2453 1
2452 2512 5
2453 2454 7
2453 2513 3
2454 2455 3
2454 2514 5
2455 2456 6
2455 2515 1
2456 2457 3
2456 2516 4
2457 2458 6
2457 2517 7
2458 2459 4
2458 2518 7
2459 2460 5
2459 2519 2
2460 2520 4
2461 2462 2
2461 2521 1
2462 2463 7
2462 2522 2
2463 2464 7
2463 2523 3
2464 2465 3
2464 2524 7
2465 2466 1
2465 2525 7
2466 2467 4
2466 2526 7
2467 2468 8
2467 2527 2
2468 2469 2
2468 2528 3
2469 2470 4
2469 2529 2
2470 2471 7
2470 2530 9
2471 2472 2
2471 2531 7
2472 2473 1
2472 2532 7
2473 2474 4
2473 2533 4
2474 2475 3
2474 2534 8
2475 2476 3
2475 2535 4
2476 2477 9
2476 2536 4
2477 2478 5
2477 2537 5
2478 2479 5
2478 2538 2
2479 2480 7
2479 2539 6
2480 2481 9
2480 2540 8
2481 2482 3
2481 2541 3
2482 2483 3
2482 2542 8
2483 2484 4
2483 2543 2
2484 2485 2
2484 2544 7
2485 2486 4
2485 2545 6
2486 2487 4
2486 2546 3
2487 2488 4
2487 2547 4
2488 2489 8
2488 2548 5
2489 2490 5
2489 2549 1
2490 2491 2
2490 2550 8
2491 2492 4
2491 2551 1
2492 2493 2
2492 2552 6
2493 2494 5
2493 2553 5
2494 2495 8
2494 2554 1
2495 2496 8
2495 2555 7
2496 2497 8
2496 2556 1
2497 2498 7
2497 2557 8
2498 2499 6
2498 2558 8
2499 2500 9
2499 2559 7
2500 2501 3
2500 2560 3
2501 2502 2
2501 2561 4
2502 2503 4
2502 2562 3
2503 2504 5
2503 2563 2
2504 2505 7
2504 2564 9
2505 2506 9
2505 2565 8
2506 2507 5
2506 2566 1
2507 2508 7
2507 2567 7
2508 2509 7
2508 2568 9
2509 2510 9
2509 2569 5
2510 2511 7
2510 2570 7
2511 2512 9
2511 2571 5
2512 2513 5
2512 2572 4
2513 2514 1
2513 2573 1
2514 2515 2
2514 2574 1
2515 2516 6
2515 2575 4
2516 2517 1
2516 2576 7
2517 2518 5
2517 2577 4
2518 2519 7
2518 2578 9
2519 2520 5
2519 2579 2
2520 2580 4
2521 2522 1
2521 2581 4
2522 2523 5
2522 2582 5
2523 2524 8
2523 2583 2
2524 2525 2
2524 2584 7
2525 2526 4
2525 2585 9
2526 2527 2
2526 2586 3
2527 2528 2
2527 2587 6
2528 2529 6
2528 2588 3
2529 2530 4
2529 2589 7
2530 2531 3
2530 2590 9
2531 2532 8
2531 2591 1
2532 2533 4
2532 2592 1
2533 2534 5
2533 2593 1
2534 2535 9
2534 2594 7
2535 2536 1
2535 2595 5
2536 2537 2
2536 2596 8
2537 2538 8
2537 2597 4
2538 2539 3
2538 2598 4
2539 2540 5
2539 2599 4
2540 2541 8
2540 2600 8
2541 2542 1
2541 2601 9
2542 2543 8
2542 2602 3
2543 2544 3
2543 2603 4
2544 2545 3
2544 2604 7
2545 2546 8
2545 2605 3
2546 2547 4
2546 2606 4
2547 2548 3
2547 2607 6
2548 2549 4
2548 2608 5
2549 2550 4
2549 2609 3
2550 2551 3
2550 2610 4
2551 2552 7
2551 2611 4
2552 2553 2
2552 2612 4
2553 2554 7
2553 2613 4
2554 2555 5
2554 2614 9
2555 2556 6
2555 2615 4
2556 2557 5
2556 2616 4
2557 2558 1
2557 2617 3
2558 2559 6
2558 2618 2
2559 2560 6
2559 2619 8
2560 2561 6
2560 2620 2
2561 2562 8
2561 2621 9
2562 2563 5
2562 2622 2
2563 2564 5
2563 2623 6
2564 2565 6
2564 2624 9
2565 2566 6
2565 2625 8
2566 2567 3
2566 2626 3
2567 2568 9
2567 2627 5
2568 2569 4
2568 2628 4
2569 2570 6
2569 2629 9
2570 2571 3
2570 2630 9
2571 2572 1
2571 2631 7
2572 2573 4
2572 2632 8
2573 2574 9
2573 2633 7
2574 2575 9
2574 2634 3
2575 2576 4
2575 2635 5
2576 2577 4
2576 2636 2
2577 2578 5
2577 2637 6
2578 2579 3
2578 2638 7
2579 2580 2
2579 2639 7
2580 2640 5
2581 2582 3
2581 2641 7
2582 2583 6
2582 2642 3
2583 2584 9
2583 2643 9
2584 2585 4
2584 2644 3
2585 2586 6
2585 2645 7
2586 2587 3
2586 2646 4
2587 2588 2
2587 2647 6
2588 2589 3
2588 2648 9
2589 2590 1
2589 2649 2
2590 2591 2
2590 2650 4
2591 2592 7
2591 2651 4
2592 2593 6
2592 2652 9
2593 2594 7
2593 2653 6
2594 2595 4
2594 2654 7
2595 2596 3
2595 2655 8
2596 2597 2
2596 2656 4
2597 2598 5
2597 2657 7
2598 2599 4
2598 2658 2
2599 2600 5
2599 2659 7
2600 2601 4
2600 2660 8
2601 2602 2
2601 2661 4
2602 2603 3
2602 2662 4
2603 2604 7
2603 2663 5
2604 2605 3
2604 2664 8
2605 2606 4
2605 2665 2
2606 2607 2
2606 2666 8
2607 2608 3
2607 2667 5
2608 2609 7
2608 2668 1
2609 2610 2
2609 2669 2
2610 2611 5
2610 2670 2
2611 2612 9
2611 2671 6
2612 2613 3
2612 2672 2
2613 2614 2
2613 2673 6
2614 2615 1
2614 2674 6
2615 2616 4
2615 2675 4
2616 2617 4
2616 2676 5
2617 2618 8
2617 2677 4
2618 2619 6
2618 2678 5
2619 2620 6
2619 2679 8
2620 2621 1
2620 2680 1
2621 2622 8
2621 2681 3
2622 2623 8
2622 2682 1
2623 2624 5
2623 2683 4
2624 2625 8
2624 2684 6
2625 2626 3
2625 2685 3
2626 2627 6
2626 2686 9
2627 2628 7
2627 2687 8
2628 2629 1
2628 2688 6
2629 2630 3
2629 2689 8
2630 2631 9
2630 2690 6
2631 2632 2
2631 2691 3
2632 2633 8
2632 2692 7
2633 2634 5
2633 2693 5
2634 2635 1
2634 2694 1
2635 2636 1
2635 2695 1
2636 2637 1
2636 2696 8
2637 2638 1
2637 2697 9
2638 2639 7
2638 2698 6
2639 2640 1
2639 2699 3
2640 2700 3
2641 2642 6
2641 2701 5
2642 2643 2
2642 2702 1
2643 2644 2
2643 2703 9
2644 2645 6
2644 2704 4
2645 2646 7
2645 2705 5
2646 2647 7
2646 2706 6
2647 2648 5
2647 2707 5
2648 2649 4
2648 2708 7
2649 2650 9
2649 2709 2
2650 2651 8
2650 2710 8
2651 2652 2
2651 2711 8
2652 2653 6
2652 2712 3
2653 2654 5
2653 2713 1
2654 2655 8
2654 2714 5
2655 2656 4
2655 2715 5
2656 2657 5
2656 2716 7
2657 2658 1
2657 2717 6
2658 2659 7
2658 2718 9
2659 2660 3
2659 2719 1
2660 2661 1
2660 2720 7
2661 2662 3
2661 2721 7
2662 2663 4
2662 2722 5
2663 2664 2
2663 2723 5
2664 2665 3
2664 2724 9
2665 2666 6
2665 2725 1
2666 2667 7
2666 2726 7
2667 2668 6
2667 2727 1
2668 2669 7
2668 2728 9
2669 2670 2
2669 2729 3
2670 2671 2
2670 2730 5
2671 2672 8
2671 2731 7
2672 2673 2
2672 2732 6
2673 2674 1
2673 2733 6
2674 2675 5
2674 2734 4
2675 2676 4
2675 2735 3
2676 2677 1
2676 2736 4
2677 2678 9
2677 2737 2
2678 2679 6
2678 2738 8
2679 2680 6
2679 2739 8
2680 2681 5
2680 2740 2
2681 2682 6
2681 2741 2
2682 2683 7
2682 2742 3
2683 2684 1
2683 2743 4
2684 2685 9
2684 2744 2
2685 2686 7
2685 2745 1
2686 2687 4
2686 2746 5
2687 2688 7
2687 2747 3
2688 2689 8
2688 2748 8
2689 2690 6
2689 2749 1
2690 2691 9
2690 2750 7
2691 2692 3
2691 2751 7
2692 2693 1
2692 2752 9
2693 2694 9
2693 2753 6
2694 2695 7
2694 2754 5
2695 2696 3
2695 2755 1
2696 2697 5
2696 2756 8
2697 2698 9
2697 2757 2
2698 2699 8
2698 2758 9
2699 2700 5
2699 2759 7
2700 2760 9
2701 2702 8
2701 2761 9
2702 2703 2
2702 2762 3
2703 2704 2
2703 2763 9
2704 2705 8
2704 2764 5
2705 2706 9
2705 2765 7
2706 2707 2
2706 2766 9
2707 2708 3
2707 2767 9
2708 2709 8
2708 2768 9
2709 2710 4
2709 2769 4
2710 2711 2
2710 2770 6
2711 2712 4
2711 2771 6
2712 2713 2
2712 2772 3
2713 2714 7
2713 2773 8
2714 2715 3
2714 2774 1
2715 2716 3
2715 2775 8
2716 2717 9
2716 2776 8
2717 2718 8
2717 2777 9
2718 2719 2
2718 2778 7
2719 2720 8
2719 2779 9
2720 2721 3
2720 2780 6
2721 2722 5
2721 2781 4
2722 2723 5
2722 2782 7
2723 2724 4
2723 2783 4
2724 2725 6
2724 2784 7
2725 2726 7
2725 2785 7
2726 2727 1
2726 2786 8
2727 2728 2
2727 2787 2
2728 2729 1
2728 2788 6
2729 2730 7
2729 2789 1
2730 2731 6
2730 2790 1
2731 2732 9
2731 2791 4
2732 2733 8
2732 2792 7
2733 2734 1
2733 2793 9
2734 2735 4
2734 2794 8
2735 2736 7
2735 2795 4
2736 2737 2
2736 2796 2
2737 2738 8
2737 2797 7
2738 2739 6
2738 2798 9
2739 2740 8
2739 2799 9
2740 2741 4
2740 2800 3
2741 2742 4
2741 2801 2
2742 2743 1
2742 2802 5
2743 2744 1
2743 2803 1
2744 2745 2
2744 2804 8
2745 2746 2
2745 2805 5
2746 2747 8
2746 2806 8
2747 2748 6
2747 2807 4
2748 2749 3
2748 2808 6
2749 2750 4
2749 2809 6
2750 2751 3
2750 2810 8
2751 2752 1
2751 2811 4
2752 2753 9
2752 2812 6
2753 2754 1
2753 2813 3
2754 2755 3
2754 2814 8
2755 2756 2
2755 2815 4
2756 2757 8
2756 2816 5
2757 2758 5
2757 2817 8
2758 2759 8
2758 2818 5
2759 2760 7
2759 2819 9
2760 2820 8
2761 2762 2
2761 2821 8
2762 2763 4
2762 2822 6
2763 2764 3
2763 2823 6
2764 2765 2
2764 2824 4
2765 2766 9
2765 2825 4
2766 2767 2
2766 2826 7
2767 2768 6
2767 2827 8
2768 2769 1
2768 2828 6
2769 2770 1
2769 2829 3
2770 2771 3
2770 2830 9
2771 2772 4
2771 2831 1
2772 2773 4
2772 2832 8
2773 2774 7
2773 2833 9
2774 2775 2
2774 2834 4
2775 2776 6
2775 2835 2
2776 2777 9
2776 2836 8
2777 2778 8
2777 2837 3
2778 2779 4
2778 2838 8
2779 2780 8
2779 2839 3
2780 2781 9
2780 2840 5
2781 2782 5
2781 2841 8
2782 2783 3
2782 2842 1
2783 2784 6
2783 2843 3
2784 2785 6
2784 2844 4
2785 2786 4
2785 2845 6
2786 2787 3
2786 2846 7
2787 2788 5
2787 2847 4
2788 2789 6
2788 2848 2
2789 2790 4
2789 2849 5
2790 2791 5
2790 2850 9
2791 2792 4
2791 2851 4
2792 2793 5
2792 2852 9
2793 2794 4
2793 2853 6
2794 2795 7
2794 2854 9
2795 2796 9
2795 2855 4
2796 2797 4
2796 2856 4
2797 2798 2
2797 2857 6
2798 2799 2
2798 2858 5
2799 2800 7
2799 2859 5
2800 2801 8
2800 2860 1
2801 2802 2
2801 2861 8
2802 2803 7
2802 2862 4
2803 2804 3
2803 2863 1
2804 2805 5
2804 2864 4
2805 2806 5
2805 2865 7
2806 2807 1
2806 2866 9
2807 2808 8
2807 2867 6
2808 2809 8
2808 2868 2
2809 2810 9
2809 2869 4
2810 2811 1
2810 2870 8
2811 2812 7
2811 2871 2
2812 2813 9
2812 2872 7
2813 2814 6
2813 2873 8
2814 2815 2
2814 2874 3
2815 2816 4
2815 2875 8
2816 2817 3
2816 2876 3
2817 2818 6
2817 2877 7
2818 2819 6
2818 2878 8
2819 2820 8
2819 2879 8
2820 2880 3
2821 2822 3
2821 2881 1
2822 2823 9
2822 2882 1
2823 2824 4
2823 2883 6
2824 2825 9
2824 2884 3
2825 2826 7
2825 2885 7
2826 2827 9
2826 2886 4
2827 2828 8
2827 2887 6
2828 2829 8
2828 2888 4
2829 2830 5
2829 2889 1
2830 2831 6
2830 2890 6
2831 2832 8
2831 2891 6
2832 2833 8
2832 2892 2
2833 2834 4
2833 2893 4
2834 2835 1
2834 2894 2
2835 2836 9
2835 2895 7
2836 2837 2
2836 2896 2
2837 2838 7
2837 2897 9
2838 2839 2
2838 2898 8
2839 2840 5
2839 2899 1
2840 2841 2
2840 2900 2
2841 2842 5
2841 2901 8
2842 2843 3
2842 2902 3
2843 2844 4
2843 2903 2
2844 2845 5
2844 2904 6
2845 2846 9
2845 2905 8
2846 2847 2
2846 2906 5
2847 2848 5
2847 2907 9
2848 2849 6
2848 2908 6
2849 2850 1
2849 2909 4
2850 2851 5
2850 2910 9
2851 2852 2
2851 2911 4
2852 2853 1
2852 2912 6
2853 2854 3
2853 2913 9
2854 2855 5
2854 2914 7
2855 2856 7
2855 2915 4
2856 2857 8
2856 2916 2
2857 2858 2
2857 2917 9
2858 2859 5
2858 2918 3
2859 2860 1
2859 2919 9
2860 2861 7
2860 2920 7
2861 2862 5
2861 2921 8
2862 2863 2
2862 2922 9
2863 2864 6
2863 2923 7
2864 2865 3
2864 2924 4
2865 2866 9
2865 2925 7
2866 2867 4
2866 2926 1
2867 2868 9
2867 2927 2
2868 2869 6
2868 2928 2
2869 2870 9
2869 2929 8
2870 2871 9
2870 2930 6
2871 2872 2
2871 2931 5
2872 2873 8
2872 2932 1
2873 2874 4
2873 2933 1
2874 2875 4
2874 2934 2
2875 2876 7
2875 2935 1
2876 2877 8
2876 2936 2
2877 2878 6
2877 2937 7
2878 2879 9
2878 2938 2
2879 2880 3
2879 2939 2
2880 2940 2
2881 2882 7
2881 2941 7
2882 2883 2
2882 2942 6
2883 2884 6
2883 2943 5
2884 2885 7
2884 2944 5
2885 2886 4
2885 2945 4
2886 2887 2
2886 2946 3
2887 2888 9
2887 2947 7
2888 2889 4
2888 2948 1
2889 2890 7
2889 2949 5
2890 2891 1
2890 2950 2
2891 2892 5
2891 2951 8
2892 2893 3
2892 2952 8
2893 2894 6
2893 2953 2
2894 2895 1
2894 2954 8
2895 2896 2
2895 2955 4
2896 2897 9
2896 2956 6
2897 2898 8
2897 2957 8
2898 2899 9
2898 2958 2
2899 2900 1
2899 2959 4
2900 2901 7
2900 2960 2
2901 2902 6
2901 2961 6
2902 2903 5
2902 2962 3
2903 2904 3
2903 2963 6
2904 2905 3
2904 2964 9
2905 2906 1
2905 2965 3
2906 2907 1
2906 2966 3
2907 2908 9
2907 2967 1
2908 2909 1
2908 2968 3
2909 2910 1
2909 2969 8
2910 2911 8
2910 2970 9
2911 2912 9
2911 2971 5
2912 2913 3
2912 2972 5
2913 2914 3
2913 2973 2
2914 2915 7
2914 2974 3
2915 2916 3
2915 2975 4
2916 2917 3
2916 2976 8
2917 2918 9
2917 2977 7
2918 2919 1
2918 2978 9
2919 2920 3
2919 2979 2
2920 2921 6
2920 2980 1
2921 2922 2
2921 2981 4
2922 2923 1
2922 2982 1
2923 2924 4
2923 2983 1
2924 2925 1
2924 2984 2
2925 2926 7
2925 2985 8
2926 2927 1
2926 2986 4
2927 2928 3
2927 2987 3
2928 2929 9
2928 2988 3
2929 2930 2
2929 2989 6
2930 2931 4
2930 2990 3
2931 2932 7
2931 2991 6
2932 2933 1
2932 2992 4
2933 2934 3
2933 2993 9
2934 2935 3
2934 2994 3
2935 2936 8
2935 2995 6
2936 2937 1
2936 2996 9
2937 2938 9
2937 2997 1
2938 2939 8
2938 2998 3
2939 2940 8
2939 2999 8
2940 3000 3
2941 2942 5
2941 3001 3
2942 2943 7
2942 3002 7
2943 2944 4
2943 3003 6
2944 2945 1
2944 3004 3
2945 2946 9
2945 3005 2
2946 2947 5
2946 3006 4
2947 2948 7
2947 3007 4
2948 2949 7
2948 3008 7
2949 2950 1
2949 3009 7
2950 2951 7
2950 3010 8
2951 2952 3
2951 3011 7
2952 2953 5
2952 3012 2
2953 2954 5
2953 3013 1
2954 2955 2
2954 3014 1
2955 2956 9
2955 3015 2
2956 2957 4
2956 3016 4
2957 2958 5
2957 3017 1
2958 2959 8
2958 3018 6
2959 2960 4
2959 3019 6
2960 2961 6
2960 3020 3
2961 2962 7
2961 3021 2
2962 2963 4
2962 3022 2
2963 2964 3
2963 3023 8
2964 2965 8
2964 3024 3
2965 2966 5
2965 3025 3
2966 2967 8
2966 3026 5
2967 2968 9
2967 3027 3
2968 2969 4
2968 3028 2
2969 2970 4
2969 3029 3
2970 2971 3
2970 3030 1
2971 2972 5
2971 3031 6
2972 2973 2
2972 3032 7
2973 2974 4
2973 3033 9
2974 2975 3
2974 3034 7
2975 2976 4
2975 3035 6
2976 2977 7
2976 3036 8
2977 2978 7
2977 3037 1
2978 2979 1
2978 3038 7
2979 2980 8
2979 3039 6
2980 2981 9
2980 3040 1
2981 2982 9
2981 3041 7
2982 2983 5
2982 3042 6
2983 2984 1
2983 3043 6
2984 2985 8
2984 3044 2
2985 2986 8
2985 3045 8
2986 2987 2
2986 3046 3
2987 2988 2
2987 3047 3
2988 2989 9
2988 3048 5
2989 2990 9
2989 3049 9
2990 2991 9
2990 3050 1
2991 2992 6
2991 3051 6
2992 2993 9
2992 3052 1
2993 2994 4
2993 3053 7
2994 2995 8
2994 3054 2
2995 2996 3
2995 3055 7
2996 2997 9
2996 3056 2
2997 2998 3
2997 3057 2
2998 2999 6
2998 3058 1
2999 3000 7
2999 3059 2
3000 3060 5
3001 3002 9
3001 3061 1
3002 3003 6
3002 3062 8
3003 3004 1
3003 3063 5
3004 3005 3
3004 3064 9
3005 3006 3
3005 3065 2
3006 3007 8
3006 3066 6
3007 3008 5
3007 3067 7
3008 3009 6
3008 3068 8
3009 3010 4
3009 3069 4
3010 3011 7
3010 3070 6
3011 3012 9
3011 3071 6
3012 3013 6
3012 3072 9
3013 3014 7
3013 3073 9
3014 3015 7
3014 3074 2
3015 3016 1
3015 3075 8
3016 3017 6
3016 3076 9
3017 3018 6
3017 3077 2
3018 3019 5
3018 3078 6
3019 3020 5
3019 3079 7
3020 3021 3
3020 3080 5
3021 3022 6
3021 3081 1
3022 3023 1
3022 3082 1
3023 3024 5
3023 3083 6
3024 3025 6
3024 3084 8
3025 3026 8
3025 3085 3
3026 3027 3
3026 3086 5
3027 3028 6
3027 3087 6
3028 3029 2
3028 3088 1
3029 3030 5
3029 3089 8
3030 3031 2
3030 3090 5
3031 3032 6
3031 3091 5
3032 3033 2
3032 3092 9
3033 3034 5
3033 3093 6
3034 3035 5
3034 3094 7
3035 3036 1
3035 3095 5
3036 3037 2
3036 3096 6
3037 3038 4
3037 3097 2
3038 3039 4
3038 3098 8
3039 3040 7
3039 3099 7
3040 3041 5
3040 3100 3
3041 3042 9
3041 3101 5
3042 3043 7
3042 3102 3
3043 3044 8
3043 3103 8
3044 3045 1
3044 3104 3
3045 3046 6
3045 3105 2
3046 3047 5
3046 3106 9
3047 3048 4
3047 3107 4
3048 3049 6
3048 3108 6
3049 3050 7
3049 3109 8
3050 3051 3
3050 3110 7
3051 3052 4
3051 3111 4
3052 3053 1
3052 3112 7
3053 3054 5
3053 3113 2
3054 3055 3
3054 3114 1
3055 3056 8
3055 3115 7
3056 3057 3
3056 3116 5
3057 3058 9
3057 3117 8
3058 3059 7
3058 3118 7
3059 3060 4
3059 3119 5
3060 3120 8
3061 3062 4
3061 3121 2
3062 3063 5
3062 3122 7
3063 3064 3
3063 3123 2
3064 3065 4
3064 3124 9
3065 3066 9
3065 3125 6
3066 3067 4
3066 3126 1
3067 3068 8
3067 3127 2
3068 3069 7
3068 3128 3
3069 3070 3
3069 3129 8
3070 3071 1
3070 3130 8
3071 3072 3
3071 3131 4
3072 3073 3
3072 3132 3
3073 3074 9
3073 3133 7
3074 3075 9
3074 3134 3
3075 3076 9
3075 3135 7
3076 3077 1
3076 3136 3
3077 3078 6
3077 3137 6
3078 3079 1
3078 3138 9
3079 3080 5
3079 3139 2
3080 3081 6
3080 3140 4
3081 3082 5
3081 3141 8
3082 3083 5
3082 3142 3
3083 3084 9
3083 3143 9
3084 3085 4
3084 3144 1
3085 3086 7
3085 3145 4
3086 3087 8
3086 3146 1
3087 3088 5
3087 3147 9
3088 3089 1
3088 3148 4
3089 3090 4
3089 3149 7
3090 3091 7
3090 3150 4
3091 3092 2
3091 3151 5
3092 3093 6
3092 3152 8
3093 3094 8
3093 3153 4
3094 3095 5
3094 3154 3
3095 3096 3
3095 3155 8
3096 3097 7
3096 3156 8
3097 3098 6
3097 3157 9
3098 3099 8
3098 3158 6
3099 3100 8
3099 3159 9
3100 3101 6
3100 3160 4
3101 3102 4
3101 3161 2
3102 3103 4
3102 3162 6
3103 3104 8
3103 3163 2
3104 3105 1
3104 3164 3
3105 3106 8
3105 3165 5
3106 3107 4
3106 3166 1
3107 3108 9
3107 3167 7
3108 3109 8
3108 3168 8
3109 3110 2
3109 3169 1
3110 3111 8
3110 3170 4
3111 3112 8
3111 3171 5
3112 3113 9
3112 3172 5
3113 3114 4
3113 3173 8
3114 3115 8
3114 3174 1
3115 3116 7
3115 3175 2
3116 3117 4
3116 3176 8
3117 3118 3
3117 3177 5
3118 3119 5
3118 3178 2
3119 3120 6
3119 3179 3
3120 3180 4
3121 3122 7
3121 3181 5
3122 3123 2
3122 3182 4
3123 3124 2
3123 3183 7
3124 3125 9
3124 3184 1
3125 3126 7
3125 3185 8
3126 3127 3
3126 3186 4
3127 3128 1
3127 3187 2
3128 3129 6
3128 3188 3
3129 3130 7
3129 3189 4
3130 3131 3
3130 3190 3
3131 3132 5
3131 3191 4
3132 3133 1
3132 3192 7
3133 3134 8
3133 3193 3
3134 3135 6
3134 3194 4
3135 3136 5
3135 3195 7
3136 3137 5
3136 3196 9
3137 3138 9
3137 3197 7
3138 3139 4
3138 3198 9
3139 3140 4
3139 3199 1
3140 3141 7
3140 3200 9
3141 3142 6
3141 3201 9
3142 3143 3
3142 3202 7
3143 3144 9
3143 3203 6
3144 3145 7
3144 3204 6
3145 3146 9
3145 3205 9
3146 3147 6
3146 3206 2
3147 3148 1
3147 3207 7
3148 3149 8
3148 3208 8
3149 3150 7
3149 3209 3
3150 3151 9
3150 3210 3
3151 3152 9
3151 3211 4
3152 3153 9
3152 3212 7
3153 3154 8
3153 3213 1
3154 3155 6
3154 3214 1
3155 3156 2
3155 3215 3
3156 3157 7
3156 3216 5
3157 3158 1
3157 3217 7
3158 3159 2
3158 3218 9
3159 3160 3
3159 3219 6
3160 3161 3
3160 3220 2
3161 3162 3
3161 3221 9
3162 3163 3
3162 3222 3
3163 3164 4
3163 3223 8
3164 3165 1
3164 3224 8
3165 3166 8
3165 3225 9
3166 3167 1
3166 3226 6
3167 3168 2
3167 3227 8
3168 3169 3
3168 3228 7
3169 3170 8
3169 3229 6
3170 3171 5
3170 3230 7
3171 3172 8
3171 3231 2
3172 3173 3
3172 3232 6
3173 3174 8
3173 3233 2
3174 3175 5
3174 3234 1
3175 3176 8
3175 3235 6
3176 3177 9
3176 3236 8
3177 3178 3
3177 3237 9
3178 3179 2
3178 3238 6
3179 3180 6
3179 3239 2
3180 3240 4
3181 3182 9
3181 3241 3
3182 3183 7
3182 3242 8
3183 3184 8
3183 3243 9
3184 3185 5
3184 3244 6
3185 3186 3
3185 3245 1
3186 3187 2
3186 3246 9
3187 3188 2
3187 3247 2
3188 3189 5
3188 3248 8
3189 3190 3
3189 3249 8
3190 3191 6
3190 3250 8
3191 3192 4
3191 3251 6
3192 3193 7
3192 3252 6
3193 3194 3
3193 3253 8
3194 3195 9
3194 3254 6
3195 3196 7
3195 3255 1
3196 3197 8
3196 3256 4
3197 3198 1
3197 3257 5
3198 3199 2
3198 3258 8
3199 3200 5
3199 3259 5
3200 3201 3
3200 3260 5
3201 3202 3
3201 3261 2
3202 3203 4
3202 3262 2
3203 3204 3
3203 3263 9
3204 3205 9
3204 3264 3
3205 3206 7
3205 3265 6
3206 3207 9
3206 3266 8
3207 3208 9
3207 3267 6
3208 3209 4
3208 3268 9
3209 3210 2
3209 3269 1
3210 3211 6
3210 3270 6
3211 3212 8
3211 3271 4
3212 3213 8
3212 3272 9
3213 3214 8
3213 3273 9
3214 3215 5
3214 3274 1
3215 3216 2
3215 3275 5
3216 3217 6
3216 3276 4
3217 3218 6
3217 3277 9
3218 3219 6
3218 3278 8
3219 3220 8
3219 3279 5
3220 3221 9
3220 3280 3
3221 3222 8
3221 3281 8
3222 3223 1
3222 3282 5
3223 3224 2
3223 3283 2
3224 3225 5
3224 3284 1
3225 3226 9
3225 3285 1
3226 3227 6
3226 3286 8
3227 3228 4
3227 3287 4
3228 3229 5
3228 3288 2
3229 3230 2
3229 3289 9
3230 3231 1
3230 3290 3
3231 3232 3
3231 3291 6
3232 3233 7
3232 3292 8
3233 3234 3
3233 3293 1
3234 3235 5
3234 3294 2
3235 3236 3
3235 3295 4
3236 3237 2
3236 3296 2
3237 3238 2
3237 3297 1
3238 3239 6
3238 3298 1
3239 3240 2
3239 3299 8
3240 3300 2
3241 3242 8
3241 3301 4
3242 3243 7
3242 3302 9
3243 3244 8
3243 3303 2
3244 3245 9
3244 3304 7
3245 3246 8
3245 3305 9
3246 3247 9
3246 3306 1
3247 3248 3
3247 3307 4
3248 3249 9
3248 3308 5
3249 3250 4
3249 3309 2
3250 3251 4
3250 3310 5
3251 3252 5
3251 3311 6
3252 3253 6
3252 3312 4
3253 3254 6
3253 3313 9
3254 3255 4
3254 3314 5
3255 3256 6
3255 3315 2
3256 3257 4
3256 3316 4
3257 3258 5
3257 3317 1
3258 3259 4
3258 3318 3
3259 3260 2
3259 3319 3
3260 3261 7
3260 3320 1
3261 3262 9
3261 3321 5
3262 3263 8
3262 3322 2
3263 3264 8
3263 3323 7
3264 3265 6
3264 3324 1
3265 3266 8
3265 3325 1
3266 3267 5
3266 3326 1
3267 3268 4
3267 3327 8
3268 3269 2
3268 3328 7
3269 3270 5
3269 3329 3
3270 3271 2
3270 3330 1
3271 3272 4
3271 3331 6
3272 3273 3
3272 3332 9
3273 3274 6
3273 3333 4
3274 3275 9
3274 3334 6
3275 3276 6
3275 3335 7
3276 3277 4
3276 3336 3
3277 3278 2
3277 3337 2
3278 3279 4
3278 3338 7
3279 3280 7
3279 3339 7
3280 3281 5
3280 3340 3
3281 3282 5
3281 3341 9
3282 3283 4
3282 3342 8
3283 3284 5
3283 3343 3
3284 3285 3
3284 3344 8
3285 3286 6
3285 3345 5
3286 3287 6
3286 3346 9
3287 3288 8
3287 3347 8
3288 3289 6
3288 3348 2
3289 3290 2
3289 3349 6
3290 3291 7
3290 3350 5
3291 3292 1
3291 3351 1
3292 3293 7
3292 3352 9
3293 3294 1
3293 3353 8
3294 3295 6
3294 3354 7
3295 3296 6
3295 3355 2
3296 3297 9
3296 3356 8
3297 3298 8
3297 3357 1
3298 3299 5
3298 3358 2
3299 3300 4
3299 3359 7
3300 3360 9
3301 3302 9
3301 3361 5
3302 3303 8
3302 3362 7
3303 3304 2
3303 3363 5
3304 3305 9
3304 3364 3
3305 3306 8
3305 3365 6
3306 3307 6
3306 3366 8
3307 3308 5
3307 3367 3
3308 3309 7
3308 3368 5
3309 3310 9
3309 3369 1
3310 3311 2
3310 3370 3
3311 3312 2
3311 3371 8
3312 3313 1
3312 3372 8
3313 3314 9
3313 3373 5
3314 3315 9
3314 3374 3
3315 3316 3
3315 3375 8
3316 3317 2
3316 3376 9
3317 3318 1
3317 3377 7
3318 3319 7
3318 3378 2
3319 3320 9
3319 3379 6
3320 3321 3
3320 3380 7
3321 3322 9
3321 3381 8
3322 3323 3
3322 3382 2
3323 3324 8
3323 3383 9
3324 3325 4
3324 3384 7
3325 3326 1
3325 3385 3
3326 3327 9
3326 3386 9
3327 3328 2
3327 3387 8
3328 3329 7
3328 3388 1
3329 3330 3
3329 3389 6
3330 3331 1
3330 3390 3
3331 3332 2
3331 3391 2
3332 3333 3
3332 3392 3
3333 3334 6
3333 3393 7
3334 3335 2
3334 3394 6
3335 3336 1
3335 3395 4
3336 3337 1
3336 3396 9
3337 3338 2
3337 3397 4
3338 3339 9
3338 3398 1
3339 3340 1
3339 3399 3
3340 3341 5
3340 3400 1
3341 3342 6
3341 3401 3
3342 3343 8
3342 3402 7
3343 3344 1
3343 3403 5
3344 3345 5
3344 3404 1
3345 3346 9
3345 3405 5
3346 3347 4
3346 3406 1
3347 3348 4
3347 3407 4
3348 3349 1
3348 3408 7
3349 3350 1
3349 3409 1
3350 3351 1
3350 3410 8
3351 3352 4
3351 3411 2
3352 3353 5
3352 3412 4
3353 3354 5
3353 3413 4
3354 3355 2
3354 3414 5
3355 3356 7
3355 3415 6
3356 3357 4
3356 3416 1
3357 3358 8
3357 3417 9
3358 3359 5
3358 3418 6
3359 3360 2
3359 3419 9
3360 3420 1
3361 3362 2
3361 3421 8
3362 3363 9
3362 3422 3
3363 3364 2
3363 3423 7
3364 3365 7
3364 3424 9
3365 3366 7
3365 3425 8
3366 3367 7
3366 3426 9
3367 3368 9
3367 3427 2
3368 3369 3
3368 3428 2
3369 3370 4
3369 3429 2
3370 3371 4
3370 3430 8
3371 3372 7
3371 3431 5
3372 3373 8
3372 3432 4
3373 3374 4
3373 3433 1
3374 3375 7
3374 3434 6
3375 3376 7
3375 3435 4
3376 3377 4
3376 3436 8
3377 3378 2
3377 3437 1
3378 3379 8
3378 3438 1
3379 3380 8
3379 3439 5
3380 3381 7
3380 3440 3
3381 3382 1
3381 3441 2
3382 3383 2
3382 3442 9
3383 3384 2
3383 3443 2
3384 3385 8
3384 3444 3
3385 3386 3
3385 3445 3
3386 3387 1
3386 3446 8
3387 3388 7
3387 3447 6
3388 3389 9
3388 3448 2
3389 3390 6
3389 3449 4
3390 3391 5
3390 3450 3
3391 3392 8
3391 3451 8
3392 3393 1
3392 3452 7
3393 3394 7
3393 3453 6
3394 3395 6
3394 3454 5
3395 3396 8
3395 3455 1
3396 3397 5
3396 3456 9
3397 3398 3
3397 3457 5
3398 3399 6
3398 3458 2
3399 3400 6
3399 3459 5
3400 3401 4
3400 3460 7
3401 3402 7
3401 3461 4
3402 3403 3
3402 3462 2
3403 3404 9
3403 3463 9
3404 3405 1
3404 3464 5
3405 3406 3
3405 3465 5
3406 3407 5
3406 3466 8
3407 3408 2
3407 3467 5
3408 3409 6
3408 3468 8
3409 3410 8
3409 3469 2
3410 3411 1
3410 3470 4
3411 3412 9
3411 3471 5
3412 3413 1
3412 3472 2
3413 3414 9
3413 3473 7
3414 3415 1
3414 3474 4
3415 3416 9
3415 3475 4
3416 3417 8
3416 3476 4
3417 3418 5
3417 3477 8
3418 3419 5
3418 3478 2
3419 3420 7
3419 3479 6
3420 3480 7
3421 3422 8
3421 3481 8
3422 3423 6
3422 3482 9
3423 3424 1
3423 3483 9
3424 3425 5
3424 3484 6
3425 3426 8
3425 3485 3
3426 3427 1
3426 3486 7
3427 3428 8
3427 3487 1
3428 3429 7
3428 3488 5
3429 3430 5
3429 3489 7
3430 3431 6
3430 3490 4
3431 3432 2
3431 3491 4
3432 3433 7
3432 3492 4
3433 3434 2
3433 3493 1
3434 3435 6
3434 3494 6
3435 3436 4
3435 3495 7
3436 3437 4
3436 3496 2
3437 3438 6
3437 3497 7
3438 3439 9
3438 3498 6
3439 3440 6
3439 3499 4
3440 3441 3
3440 3500 4
3441 3442 7
3441 3501 1
3442 3443 8
3442 3502 3
3443 3444 1
3443 3503 5
3444 3445 5
3444 3504 6
3445 3446 3
3445 3505 2
3446 3447 7
3446 3506 2
3447 3448 5
3447 3507 3
3448 3449 5
3448 3508 7
3449 3450 3
3449 3509 8
3450 3451 1
3450 3510 4
3451 3452 6
3451 3511 4
3452 3453 5
3452 3512 2
3453 3454 1
3453 3513 4
3454 3455 5
3454 3514 4
3455 3456 6
3455 3515 7
3456 3457 5
3456 3516 1
3457 3458 7
3457 3517 4
3458 3459 1
3458 3518 6
3459 3460 8
3459 3519 5
3460 3461 9
3460 3520 1
3461 3462 6
3461 3521 4
3462 3463 2
3462 3522 2
3463 3464 6
3463 3523 5
3464 3465 6
3464 3524 6
3465 3466 3
3465 3525 6
3466 3467 9
3466 3526 8
3467 3468 8
3467 3527 3
3468 3469 7
3468 3528 6
3469 3470 6
3469 3529 3
3470 3471 8
3470 3530 9
3471 3472 7
3471 3531 3
3472 3473 7
3472 3532 3
3473 3474 6
3473 3533 7
3474 3475 8
3474 3534 3
3475 3476 3
3475 3535 5
3476 3477 3
3476 3536 6
3477 3478 8
3477 3537 3
3478 3479 7
3478 3538 3
3479 3480 5
3479 3539 1
3480 3540 7
3481 3482 5
3481 3541 6
3482 3483 4
3482 3542 3
3483 3484 8
3483 3543 1
3484 3485 6
3484 3544 2
3485 3486 1
3485 3545 4
3486 3487 2
3486 3546 8
3487 3488 7
3487 3547 8
3488 3489 1
3488 3548 1
3489 3490 4
3489 3549 6
3490 3491 3
3490 3550 4
3491 3492 1
3491 3551 4
3492 3493 9
3492 3552 6
3493 3494 6
3493 3553 5
3494 3495 8
3494 3554 8
3495 3496 5
3495 3555 5
3496 3497 5
3496 3556 7
3497 3498 1
3497 3557 6
3498 3499 9
3498 3558 8
3499 3500 5
3499 3559 4
3500 3501 9
3500 3560 5
3501 3502 7
3501 3561 8
3502 3503 3
3502 3562 2
3503 3504 5
3503 3563 1
3504 3505 3
3504 3564 8
3505 3506 6
3505 3565 3
3506 3507 9
3506 3566 4
3507 3508 6
3507 3567 8
3508 3509 8
3508 3568 9
3509 3510 3
3509 3569 6
3510 3511 7
3510 3570 6
3511 3512 1
3511 3571 1
3512 3513 3
3512 3572 8
3513 3514 6
3513 3573 1
3514 3515 6
3514 3574 1
3515 3516 4
3515 3575 4
3516 3517 6
3516 3576 8
3517 3518 2
3517 3577 6
3518 3519 8
3518 3578 6
3519 3520 7
3519 3579 8
3520 3521 2
3520 3580 1
3521 3522 1
3521 3581 1
3522 3523 3
3522 3582 7
3523 3524 7
3523 3583 8
3524 3525 6
3524 3584 7
3525 3526 4
3525 3585 2
3526 3527 3
3526 3586 3
3527 3528 2
3527 3587 4
3528 3529 1
3528 3588 7
3529 3530 4
3529 3589 5
3530 3531 6
3530 3590 5
3531 3532 8
3531 3591 2
3532 3533 3
3532 3592 7
3533 3534 5
3533 3593 1
3534 3535 2
3534 3594 9
3535 3536 8
3535 3595 3
3536 3537 8
3536 3596 7
3537 3538 2
3537 3597 8
3538 3539 4
3538 3598 6
3539 3540 6
3539 3599 7
3540 3600 9
3541 3542 8
3542 3543 9
3543 3544 7
3544 3545 5
3545 3546 3
3546 3547 5
3547 3548 9
3548 3549 7
3549 3550 4
3550 3551 2
3551 3552 9
3552 3553 6
3553 3554 7
3554 3555 2
3555 3556 3
3556 3557 9
3557 3558 7
3558 3559 6
3559 3560 5
3560 3561 2
3561 3562 8
3562 3563 5
3563 3564 7
3564 3565 6
3565 3566 6
3566 3567 5
3567 3568 4
3568 3569 8
3569 3570 6
3570 3571 8
3571 3572 1
3572 3573 5
3573 3574 3
3574 3575 7
3575 3576 8
3576 3577 2
3577 3578 1
3578 3579 1
3579 3580 1
3580 3581 1
3581 3582 9
3582 3583 4
3583 3584 5
3584 3585 9
3585 3586 1
3586 3587 5
3587 3588 3
3588 3589 7
3589 3590 7
3590 3591 9
3591 3592 1
3592 3593 1
3593 3594 2
3594 3595 2
3595 3596 2
3596 3597 4
3597 3598 8
3598 3599 2
3599 3600 9
